,0
0,4.3692926e-05
1,0.4986703
2,0.42861673
3,0.29007506
4,0.004778859
5,0.0008030204
6,0.033392064
7,0.00017968514
8,0.0017881894
9,0.016408619
10,0.0008468756
11,0.001794234
12,0.0003927681
13,4.681013e-05
14,1.5789506e-06
15,1.37973e-05
16,0.0010490444
17,3.983099e-05
18,2.3328726e-05
19,5.095907e-06
20,6.711157e-07
21,1.699612e-07
22,2.9036647e-07
23,6.853777e-07
24,0.0007903863
25,8.6727465e-05
26,4.1126004e-05
27,7.850692e-06
28,6.0833037e-07
29,1.48470045e-08
30,3.6403385e-08
31,2.6372564e-07
32,7.072546e-07
33,1.168033e-06
34,1.4968e-06
35,1.6693754e-06
36,1.7288797e-06
37,1.7276394e-06
38,1.702915e-06
39,1.6747662e-06
40,1.651347e-06
41,1.634421e-06
42,1.6230489e-06
43,1.6155866e-06
44,1.6105643e-06
45,1.6069409e-06
46,1.6040827e-06
47,1.6016583e-06
48,1.5995113e-06
49,1.5975853e-06
50,1.5958577e-06
51,1.5943168e-06
52,1.592958e-06
53,1.5917676e-06
54,1.5907207e-06
55,1.5898129e-06
56,1.5890237e-06
57,1.5883353e-06
58,1.5877409e-06
59,1.5872159e-06
60,1.58676e-06
61,1.5863625e-06
62,1.5860186e-06
63,1.5857149e-06
64,1.5854491e-06
65,1.5852193e-06
66,1.5850183e-06
67,1.5848418e-06
68,1.5846879e-06
69,1.5845516e-06
70,1.5844356e-06
71,1.5843307e-06
72,1.5842415e-06
73,1.584161e-06
74,1.5840942e-06
75,1.584034e-06
76,1.5839804e-06
77,1.5839335e-06
78,1.5838955e-06
79,1.5838621e-06
80,1.5838308e-06
81,1.5838041e-06
82,1.5837794e-06
83,1.5837571e-06
84,1.5837394e-06
85,1.5837237e-06
86,1.5837103e-06
87,1.5837014e-06
88,1.5836879e-06
89,1.583679e-06
90,1.5836723e-06
91,1.5836656e-06
92,1.5836589e-06
93,1.5836523e-06
94,1.5836456e-06
95,1.5836432e-06
96,1.5836412e-06
97,1.5836367e-06
98,1.5836343e-06
99,1.5836343e-06
100,1.5836299e-06
101,1.5836299e-06
102,1.5836277e-06
103,1.5836255e-06
104,1.5836232e-06
105,1.5836232e-06
106,1.5836255e-06
107,1.5836232e-06
108,1.5836209e-06
109,1.5836188e-06
110,1.5836188e-06
111,1.5836188e-06
112,1.5836188e-06
113,1.5836165e-06
114,1.5836165e-06
115,1.5836165e-06
116,1.5836143e-06
117,1.5836165e-06
118,1.5836165e-06
119,1.5836143e-06
120,1.5836165e-06
121,1.5836121e-06
122,1.5836143e-06
123,1.5836143e-06
124,1.5836143e-06
125,1.5836143e-06
126,1.5836143e-06
127,1.5836143e-06
128,1.5836165e-06
129,1.5836165e-06
130,1.5836165e-06
131,1.5836165e-06
132,1.5836165e-06
133,1.5836143e-06
134,1.5836143e-06
135,1.5836143e-06
136,1.5836143e-06
137,1.5836143e-06
138,1.5836143e-06
139,1.5836165e-06
140,1.5836165e-06
141,1.5836165e-06
142,1.5836165e-06
143,1.5836165e-06
144,1.5836165e-06
145,1.5836165e-06
146,1.5836143e-06
147,1.5836165e-06
148,1.5836165e-06
149,1.5836165e-06
150,1.5836165e-06
151,1.5836165e-06
152,1.5836165e-06
153,1.5836165e-06
154,1.5836165e-06
155,1.5836165e-06
156,1.5836165e-06
157,1.5836165e-06
158,1.5836165e-06
159,1.5836165e-06
160,1.5836165e-06
161,1.5836143e-06
162,1.5836143e-06
163,1.5836143e-06
164,1.5836143e-06
165,1.5836143e-06
166,1.5836143e-06
167,1.5836143e-06
168,1.5836143e-06
169,1.5836143e-06
170,1.5836143e-06
171,1.5836143e-06
172,1.5836143e-06
173,1.5836143e-06
174,1.5836143e-06
175,1.5836143e-06
176,1.5836143e-06
177,1.5836143e-06
178,1.5836143e-06
179,1.5836143e-06
180,1.5836143e-06
181,1.5836143e-06
182,1.5836143e-06
183,1.5836143e-06
184,1.5836143e-06
185,1.5836143e-06
186,1.5836143e-06
187,1.5836143e-06
188,1.5836143e-06
189,1.5836143e-06
190,1.5836143e-06
191,1.5836143e-06
192,1.5836143e-06
193,1.5836143e-06
194,1.5836143e-06
195,1.5836143e-06
196,1.5836143e-06
197,1.5836143e-06
198,1.5836143e-06
199,1.5836143e-06
200,1.5836143e-06
201,1.5836143e-06
202,1.5836143e-06
203,1.5836143e-06
204,1.5836143e-06
205,1.5836143e-06
206,1.5836143e-06
207,1.5836143e-06
208,1.5836143e-06
209,1.5836143e-06
210,1.5836143e-06
211,1.5836143e-06
212,1.5836143e-06
213,1.5836143e-06
214,1.5836143e-06
215,1.5836143e-06
216,1.5836143e-06
217,1.5836143e-06
218,1.5836143e-06
219,1.5836143e-06
220,1.5836143e-06
221,1.5836143e-06
222,1.5836143e-06
223,1.5836143e-06
224,1.5836143e-06
225,1.5836143e-06
226,1.5836143e-06
227,1.5836143e-06
228,1.5836143e-06
229,1.5836143e-06
230,1.5836143e-06
231,1.5836143e-06
232,1.5836143e-06
233,1.5836143e-06
234,1.5836143e-06
235,1.5836143e-06
236,1.5836143e-06
237,1.5836143e-06
238,1.5836143e-06
239,1.5836143e-06
240,1.5836143e-06
241,1.5836143e-06
242,1.5836143e-06
243,1.5836143e-06
244,1.5836143e-06
245,1.5836143e-06
246,1.5836143e-06
247,1.5836143e-06
248,1.5836143e-06
249,1.5836143e-06
250,1.5836143e-06
251,1.5836143e-06
252,1.5836143e-06
253,1.5836143e-06
254,1.5836143e-06
255,1.5836143e-06
256,1.5836143e-06
257,1.5836143e-06
258,1.5836143e-06
259,1.5836143e-06
260,1.5836143e-06
261,1.5836143e-06
262,1.5836143e-06
263,1.5836143e-06
264,1.5836143e-06
265,1.5836143e-06
266,1.5836143e-06
267,1.5836143e-06
268,1.5836143e-06
269,1.5836143e-06
270,1.5836143e-06
271,1.5836143e-06
272,1.5836143e-06
273,1.5836143e-06
274,1.5836143e-06
275,1.5836143e-06
276,1.5836143e-06
277,1.5836143e-06
278,1.5836143e-06
279,1.5836143e-06
280,1.5836143e-06
281,1.5836143e-06
282,1.5836143e-06
283,1.5836143e-06
284,1.5836143e-06
285,1.5836143e-06
286,1.5836143e-06
287,1.5836143e-06
288,1.5836143e-06
289,1.5836143e-06
290,1.5836143e-06
291,1.5836143e-06
292,1.5836143e-06
293,1.5836143e-06
294,0.0007810421
295,8.6569555e-05
296,3.9860795e-05
297,7.127413e-06
298,4.1998882e-07
299,2.629499e-11
300,8.72979e-09
301,1.8872123e-07
302,6.037018e-07
303,1.0578252e-06
304,1.3926503e-06
305,1.5763034e-06
306,1.6477646e-06
307,1.6576129e-06
308,1.6425948e-06
309,1.6227574e-06
310,1.6064262e-06
311,1.5955598e-06
312,1.5893859e-06
313,1.5864005e-06
314,1.5852394e-06
315,1.5849491e-06
316,1.5849736e-06
317,1.5850429e-06
318,1.585054e-06
319,1.5850003e-06
320,1.5848955e-06
321,1.5847681e-06
322,1.5846321e-06
323,1.5845071e-06
324,1.5843909e-06
325,1.5842883e-06
326,1.5842013e-06
327,1.5841254e-06
328,1.5840584e-06
329,1.5840026e-06
330,1.5839513e-06
331,1.5839112e-06
332,1.5838755e-06
333,1.5838397e-06
334,1.583813e-06
335,1.5837861e-06
336,1.5837638e-06
337,1.5837459e-06
338,1.5837304e-06
339,1.5837126e-06
340,1.5837059e-06
341,1.5836947e-06
342,1.5836858e-06
343,1.5836769e-06
344,1.5836656e-06
345,1.5836589e-06
346,1.5836545e-06
347,1.5836478e-06
348,1.5836432e-06
349,1.5836412e-06
350,1.5836367e-06
351,1.5836343e-06
352,1.5836323e-06
353,1.5836299e-06
354,1.5836299e-06
355,1.5836277e-06
356,1.5836255e-06
357,1.5836255e-06
358,1.5836255e-06
359,1.5836232e-06
360,1.5836209e-06
361,1.5836209e-06
362,1.5836209e-06
363,1.5836165e-06
364,1.5836188e-06
365,1.5836165e-06
366,1.5836188e-06
367,1.5836188e-06
368,1.5836165e-06
369,1.5836165e-06
370,1.5836143e-06
371,1.5836165e-06
372,1.5836165e-06
373,1.5836165e-06
374,1.5836143e-06
375,1.5836143e-06
376,1.5836143e-06
377,1.5836143e-06
378,1.5836165e-06
379,1.5836143e-06
380,1.5836143e-06
381,1.5836165e-06
382,1.5836165e-06
383,1.5836143e-06
384,1.5836165e-06
385,1.5836143e-06
386,1.5836143e-06
387,1.5836143e-06
388,1.5836143e-06
389,1.5836143e-06
390,1.5836143e-06
391,1.5836143e-06
392,1.5836143e-06
393,1.5836143e-06
394,1.5836143e-06
395,1.5836143e-06
396,1.5836165e-06
397,1.5836143e-06
398,1.5836143e-06
399,1.5836143e-06
400,1.5836143e-06
401,1.5836143e-06
402,1.5836143e-06
403,1.5836143e-06
404,1.5836143e-06
405,1.5836143e-06
406,1.5836143e-06
407,1.5836143e-06
408,1.5836143e-06
409,1.5836143e-06
410,1.5836143e-06
411,1.5836143e-06
412,1.5836143e-06
413,1.5836143e-06
414,1.5836143e-06
415,1.5836143e-06
416,1.5836143e-06
417,1.5836143e-06
418,1.5836143e-06
419,1.5836143e-06
420,1.5836143e-06
421,1.5836143e-06
422,1.5836143e-06
423,1.5836143e-06
424,1.5836143e-06
425,1.5836143e-06
426,1.5836143e-06
427,1.5836143e-06
428,1.5836143e-06
429,1.5836143e-06
430,1.5836143e-06
431,1.5836143e-06
432,1.5836143e-06
433,1.5836143e-06
434,1.5836143e-06
435,1.5836143e-06
436,1.5836143e-06
437,1.5836143e-06
438,1.5836143e-06
439,1.5836143e-06
440,1.5836143e-06
441,1.5836143e-06
442,1.5836143e-06
443,1.5836143e-06
444,1.5836143e-06
445,1.5836143e-06
446,1.5836143e-06
447,1.5836143e-06
448,1.5836143e-06
449,1.5836143e-06
450,1.5836143e-06
451,1.5836143e-06
452,1.5836143e-06
453,1.5836143e-06
454,1.5836143e-06
455,1.5836143e-06
456,1.5836143e-06
457,1.5836143e-06
458,1.5836143e-06
459,1.5836143e-06
460,1.5836143e-06
461,1.5836143e-06
462,1.5836143e-06
463,1.5836143e-06
464,1.5836143e-06
465,1.5836143e-06
466,1.5836143e-06
467,1.5836143e-06
468,1.5836143e-06
469,1.5836143e-06
470,1.5836143e-06
471,1.5836143e-06
472,1.5836143e-06
473,1.5836143e-06
474,1.5836143e-06
475,1.5836143e-06
476,1.5836143e-06
477,1.5836143e-06
478,1.5836143e-06
479,1.5836143e-06
480,1.5836143e-06
481,1.5836143e-06
482,1.5836143e-06
483,1.5836143e-06
484,1.5836143e-06
485,1.5836143e-06
486,1.5836143e-06
487,1.5836143e-06
488,1.5836143e-06
489,1.5836143e-06
490,1.5836143e-06
491,1.5836143e-06
492,1.5836143e-06
493,1.5836143e-06
494,1.5836143e-06
495,1.5836143e-06
496,1.5836143e-06
497,1.5836143e-06
498,1.5836143e-06
499,1.5836143e-06
500,1.5836143e-06
501,1.5836143e-06
502,1.5836143e-06
503,1.5836143e-06
504,1.5836143e-06
505,1.5836143e-06
506,1.5836143e-06
507,1.5836143e-06
508,1.5836143e-06
509,1.5836143e-06
510,1.5836143e-06
511,1.5836143e-06
512,1.5836143e-06
513,1.5836143e-06
514,1.5836143e-06
515,1.5836143e-06
516,1.5836143e-06
517,1.5836143e-06
518,1.5836143e-06
519,1.5836143e-06
520,1.5836143e-06
521,1.5836143e-06
522,1.5836143e-06
523,1.5836143e-06
524,1.5836143e-06
525,1.5836143e-06
526,1.5836143e-06
527,1.5836143e-06
528,1.5836143e-06
529,1.5836143e-06
530,1.5836143e-06
531,1.5836143e-06
532,1.5836143e-06
533,1.5836143e-06
534,1.5836143e-06
535,1.5836143e-06
536,1.5836143e-06
537,1.5836143e-06
538,1.5836143e-06
539,1.5836143e-06
540,1.5836143e-06
541,1.5836143e-06
542,1.5836143e-06
543,1.5836143e-06
544,1.5836143e-06
545,1.5836143e-06
546,1.5836143e-06
547,1.5836143e-06
548,1.5836143e-06
549,1.5836143e-06
550,1.5836143e-06
551,1.5836143e-06
552,1.5836143e-06
553,1.5836143e-06
554,1.5836143e-06
555,1.5836143e-06
556,1.5836143e-06
557,1.5836143e-06
558,1.5836143e-06
559,1.5836143e-06
560,1.5836143e-06
561,1.5836143e-06
562,1.5836143e-06
563,1.5836143e-06
564,1.5836143e-06
565,1.5836143e-06
566,1.5836143e-06
567,1.5836143e-06
568,1.5836143e-06
569,1.5836143e-06
570,1.5836143e-06
571,1.5836143e-06
572,1.5836143e-06
573,1.5836143e-06
574,1.5836143e-06
575,1.5836143e-06
576,1.5836143e-06
577,1.5836143e-06
578,1.5836143e-06
579,1.5836143e-06
580,1.5836143e-06
581,1.5836143e-06
582,1.5836143e-06
583,1.5836143e-06
584,1.5836143e-06
585,1.5836143e-06
586,1.5836143e-06
587,1.5836143e-06
588,1.5836143e-06
589,1.5836143e-06
590,1.5836143e-06
591,1.5836143e-06
592,1.5836143e-06
593,1.5836143e-06
594,1.5836143e-06
595,1.5836143e-06
596,1.5836143e-06
597,1.5836143e-06
598,1.5836143e-06
599,1.5836143e-06
600,1.5836143e-06
601,1.5836143e-06
602,1.5836143e-06
603,1.5836143e-06
604,1.5836143e-06
605,1.5836143e-06
606,1.5836143e-06
607,1.5836143e-06
608,1.5836143e-06
609,1.5836143e-06
610,1.5836143e-06
611,1.5836143e-06
612,1.5836143e-06
613,1.5836143e-06
614,1.5836143e-06
615,1.5836143e-06
616,1.5836143e-06
617,1.5836143e-06
618,1.5836143e-06
619,1.5836143e-06
620,1.5836143e-06
621,1.5836143e-06
622,1.5836143e-06
623,1.5836143e-06
624,1.5836143e-06
625,1.5836143e-06
626,1.5836143e-06
627,1.5836143e-06
628,1.5836143e-06
629,1.5836143e-06
630,1.5836143e-06
631,1.5836143e-06
632,1.5836143e-06
633,1.5836143e-06
634,1.5836143e-06
635,1.5836143e-06
636,1.5836143e-06
637,1.5836143e-06
638,1.5836143e-06
639,1.5836143e-06
640,1.5836143e-06
641,1.5836143e-06
642,1.5836143e-06
643,1.5836143e-06
644,1.5836143e-06
645,1.5836143e-06
646,1.5836143e-06
647,1.5836143e-06
648,1.5836143e-06
649,1.5836143e-06
650,1.5836143e-06
651,1.5836143e-06
652,1.5836143e-06
653,1.5836143e-06
654,1.5836143e-06
655,1.5836143e-06
656,1.5836143e-06
657,1.5836143e-06
658,1.5836143e-06
659,1.5836143e-06
660,1.5836143e-06
661,1.5836143e-06
662,1.5836143e-06
663,1.5836143e-06
664,1.5836143e-06
665,1.5836143e-06
666,1.5836143e-06
667,1.5836143e-06
668,1.5836143e-06
669,1.5836143e-06
670,1.5836143e-06
671,1.5836143e-06
672,1.5836143e-06
673,1.5836143e-06
674,1.5836143e-06
675,1.5836143e-06
676,1.5836143e-06
677,1.5836143e-06
678,1.5836143e-06
679,1.5836143e-06
680,1.5836143e-06
681,1.5836143e-06
682,1.5836143e-06
683,1.5836143e-06
684,1.5836143e-06
685,1.5836143e-06
686,1.5836143e-06
687,1.5836143e-06
688,1.5836143e-06
689,1.5836143e-06
690,1.5836143e-06
691,1.5836143e-06
692,1.5836143e-06
693,1.5836143e-06
694,1.5836143e-06
695,1.5836143e-06
696,1.5836143e-06
697,1.5836143e-06
698,1.5836143e-06
699,1.5836143e-06
700,1.5836143e-06
701,1.5836143e-06
702,1.5836143e-06
703,1.5836143e-06
704,1.5836143e-06
705,1.5836143e-06
706,1.5836143e-06
707,1.5836143e-06
708,1.5836143e-06
709,1.5836143e-06
710,1.5836143e-06
711,1.5836143e-06
712,1.5836143e-06
713,1.5836143e-06
714,1.5836143e-06
715,1.5836143e-06
716,1.5836143e-06
717,1.5836143e-06
718,1.5836143e-06
719,1.5836143e-06
720,1.5836143e-06
721,1.5836143e-06
722,1.5836143e-06
723,1.5836143e-06
724,1.5836143e-06
725,1.5836143e-06
726,1.5836143e-06
727,1.5836143e-06
728,1.5836143e-06
729,1.5836143e-06
730,1.5836143e-06
731,1.5836143e-06
732,1.5836143e-06
733,1.5836143e-06
734,1.5836143e-06
735,1.5836143e-06
736,1.5836143e-06
737,1.5836143e-06
738,1.5836143e-06
739,1.5836143e-06
740,1.5836143e-06
741,1.5836143e-06
742,1.5836143e-06
743,1.5836143e-06
744,1.5836143e-06
745,1.5836143e-06
746,1.5836143e-06
747,1.5836143e-06
748,1.5836143e-06
749,1.5836143e-06
750,1.5836143e-06
751,1.5836143e-06
752,1.5836143e-06
753,1.5836143e-06
754,1.5836143e-06
755,1.5836143e-06
756,1.5836143e-06
757,1.5836143e-06
758,1.5836143e-06
759,1.5836143e-06
760,1.5836143e-06
761,1.5836143e-06
762,1.5836143e-06
763,1.5836143e-06
764,1.5836143e-06
765,1.5836143e-06
766,1.5836143e-06
767,1.5836143e-06
768,1.5836143e-06
769,1.5836143e-06
770,1.5836143e-06
771,1.5836143e-06
772,1.5836143e-06
773,1.5836143e-06
774,1.5836143e-06
775,1.5836143e-06
776,1.5836143e-06
777,1.5836143e-06
778,1.5836143e-06
779,0.0007810421
780,8.6569555e-05
781,3.986081e-05
782,7.127413e-06
783,4.1998882e-07
784,2.6304084e-11
785,8.729955e-09
786,1.8872123e-07
787,6.037018e-07
788,1.0578252e-06
789,1.3926483e-06
790,1.5763056e-06
791,1.6477646e-06
792,1.6576129e-06
793,1.6425926e-06
794,1.6227552e-06
795,1.6064262e-06
796,1.5955598e-06
797,1.5893859e-06
798,1.5864005e-06
799,1.5852394e-06
800,1.5849491e-06
801,1.5849758e-06
802,1.5850429e-06
803,1.5850562e-06
804,1.5850003e-06
805,1.5848977e-06
806,1.5847681e-06
807,1.5846321e-06
808,1.5845048e-06
809,1.5843909e-06
810,1.5842883e-06
811,1.5842013e-06
812,1.5841254e-06
813,1.5840607e-06
814,1.5840026e-06
815,1.5839535e-06
816,1.5839112e-06
817,1.5838732e-06
818,1.5838419e-06
819,1.5838085e-06
820,1.5837884e-06
821,1.5837661e-06
822,0.0007810391
823,8.657042e-05
824,3.986129e-05
825,7.1275927e-06
826,4.2002677e-07
827,2.655935e-11
828,8.733933e-09
829,1.8873972e-07
830,6.037293e-07
831,1.0578578e-06
832,1.3926796e-06
833,1.5763324e-06
834,1.647792e-06
835,1.6576379e-06
836,1.6426153e-06
837,1.6227757e-06
838,1.6064417e-06
839,1.5955733e-06
840,1.5893992e-06
841,1.5864116e-06
842,1.5852482e-06
843,1.584958e-06
844,1.5849781e-06
845,1.5850474e-06
846,1.5850608e-06
847,1.5850071e-06
848,1.5849022e-06
849,1.5847705e-06
850,1.5846343e-06
851,1.5845093e-06
852,1.5843932e-06
853,1.5842927e-06
854,1.5842035e-06
855,1.5841254e-06
856,1.5840607e-06
857,1.5840048e-06
858,1.5839535e-06
859,1.5839112e-06
860,1.5838732e-06
861,1.5838419e-06
862,1.5838107e-06
863,1.5837884e-06
864,1.5837661e-06
865,1.5837459e-06
866,1.5837304e-06
867,1.5837147e-06
868,1.5837059e-06
869,1.5836923e-06
870,1.5836858e-06
871,1.5836769e-06
872,1.5836679e-06
873,1.5836589e-06
874,1.5836545e-06
875,1.58365e-06
876,1.5836456e-06
877,1.5836432e-06
878,1.5836388e-06
879,1.5836367e-06
880,1.5836343e-06
881,1.5836323e-06
882,1.5836323e-06
883,1.5836255e-06
884,1.5836255e-06
885,1.5836232e-06
886,1.5836255e-06
887,1.5836255e-06
888,1.5836232e-06
889,1.5836209e-06
890,1.5836209e-06
891,1.5836188e-06
892,1.5836165e-06
893,1.5836188e-06
894,1.5836188e-06
895,1.5836165e-06
896,1.5836165e-06
897,1.5836165e-06
898,1.5836165e-06
899,1.5836143e-06
900,1.5836165e-06
901,1.5836165e-06
902,1.5836165e-06
903,1.5836143e-06
904,1.5836143e-06
905,1.5836143e-06
906,1.5836143e-06
907,1.5836143e-06
908,1.5836143e-06
909,1.5836143e-06
910,1.5836143e-06
911,1.5836143e-06
912,1.5836143e-06
913,1.5836121e-06
914,1.5836165e-06
915,1.5836165e-06
916,1.5836143e-06
917,0.0007810421
918,8.6569555e-05
919,3.9860795e-05
920,7.127413e-06
921,4.1998882e-07
922,2.6304084e-11
923,8.72979e-09
924,1.8872123e-07
925,6.037018e-07
926,1.0578252e-06
927,1.3926483e-06
928,1.5763034e-06
929,1.6477646e-06
930,1.6576151e-06
931,1.6425948e-06
932,1.6227552e-06
933,1.6064283e-06
934,1.5955598e-06
935,1.5893859e-06
936,1.5864005e-06
937,1.5852394e-06
938,1.5849491e-06
939,1.5849736e-06
940,1.5850405e-06
941,1.5850562e-06
942,1.5850003e-06
943,1.5848955e-06
944,1.5847705e-06
945,1.5846321e-06
946,1.5845048e-06
947,1.5843909e-06
948,1.5842905e-06
949,1.5841989e-06
950,1.5841254e-06
951,1.5840584e-06
952,1.5840048e-06
953,1.5839535e-06
954,1.5839112e-06
955,1.5838732e-06
956,1.5838397e-06
957,1.5838107e-06
958,1.5837861e-06
959,1.5837638e-06
960,1.5837459e-06
961,1.5837304e-06
962,1.5837126e-06
963,1.5837036e-06
964,1.5836923e-06
965,1.5836835e-06
966,1.5836769e-06
967,1.5836679e-06
968,1.5836612e-06
969,1.5836567e-06
970,1.5836478e-06
971,1.5836432e-06
972,1.5836412e-06
973,1.5836388e-06
974,1.5836367e-06
975,1.5836323e-06
976,1.5836323e-06
977,1.5836299e-06
978,1.5836277e-06
979,1.5836255e-06
980,1.5836255e-06
981,1.5836255e-06
982,1.5836255e-06
983,1.5836232e-06
984,1.5836188e-06
985,1.5836188e-06
986,1.5836209e-06
987,1.5836209e-06
988,1.5836188e-06
989,1.5836165e-06
990,1.5836143e-06
991,1.5836143e-06
992,1.5836143e-06
993,1.5836165e-06
994,1.5836165e-06
995,1.5836143e-06
996,1.5836165e-06
997,1.5836165e-06
998,1.5836165e-06
999,1.5836165e-06
1000,1.5836143e-06
1001,1.5836143e-06
1002,1.5836143e-06
1003,1.5836143e-06
1004,1.5836143e-06
1005,1.5836143e-06
1006,1.5836143e-06
1007,1.5836143e-06
1008,1.5836143e-06
1009,1.5836143e-06
1010,1.5836143e-06
1011,1.5836121e-06
1012,1.5836143e-06
1013,1.5836165e-06
1014,1.5836165e-06
1015,1.5836143e-06
1016,1.5836143e-06
1017,1.5836143e-06
1018,1.5836143e-06
1019,1.5836143e-06
1020,1.5836143e-06
1021,1.5836143e-06
1022,1.5836143e-06
1023,1.5836143e-06
1024,1.5836143e-06
1025,1.5836143e-06
1026,1.5836143e-06
1027,1.5836143e-06
1028,1.5836143e-06
1029,1.5836143e-06
1030,1.5836143e-06
1031,1.5836143e-06
1032,1.5836143e-06
1033,1.5836143e-06
1034,1.5836143e-06
1035,1.5836143e-06
1036,1.5836143e-06
1037,1.5836143e-06
1038,1.5836143e-06
1039,1.5836143e-06
1040,1.5836143e-06
1041,1.5836143e-06
1042,1.5836143e-06
1043,1.5836143e-06
1044,1.5836143e-06
1045,1.5836143e-06
1046,1.5836143e-06
1047,1.5836143e-06
1048,1.5836143e-06
1049,1.5836143e-06
1050,1.5836143e-06
1051,1.5836143e-06
1052,1.5836143e-06
1053,1.5836143e-06
1054,1.5836143e-06
1055,1.5836143e-06
1056,1.5836143e-06
1057,1.5836143e-06
1058,1.5836143e-06
1059,1.5836143e-06
1060,1.5836143e-06
1061,1.5836143e-06
1062,1.5836143e-06
1063,1.5836143e-06
1064,1.5836143e-06
1065,1.5836143e-06
1066,1.5836143e-06
1067,1.5836143e-06
1068,1.5836143e-06
1069,1.5836143e-06
1070,1.5836143e-06
1071,1.5836143e-06
1072,1.5836143e-06
1073,1.5836143e-06
1074,1.5836143e-06
1075,1.5836143e-06
1076,1.5836143e-06
1077,1.5836143e-06
1078,1.5836143e-06
1079,1.5836143e-06
1080,1.5836143e-06
1081,1.5836143e-06
1082,1.5836143e-06
1083,1.5836143e-06
1084,1.5836143e-06
1085,1.5836143e-06
1086,1.5836143e-06
1087,1.5836143e-06
1088,1.5836143e-06
1089,1.5836143e-06
1090,1.5836143e-06
1091,1.5836143e-06
1092,1.5836143e-06
1093,1.5836143e-06
1094,1.5836143e-06
1095,1.5836143e-06
1096,1.5836143e-06
1097,1.5836143e-06
1098,1.5836143e-06
1099,1.5836143e-06
1100,1.5836143e-06
1101,1.5836143e-06
1102,1.5836143e-06
1103,1.5836143e-06
1104,1.5836143e-06
1105,1.5836143e-06
1106,1.5836143e-06
1107,1.5836143e-06
1108,1.5836143e-06
1109,1.5836143e-06
1110,1.5836143e-06
1111,1.5836143e-06
1112,1.5836143e-06
1113,1.5836143e-06
1114,0.0007810421
1115,8.6569555e-05
1116,3.986081e-05
1117,7.1274176e-06
1118,4.1998882e-07
1119,2.6304084e-11
1120,8.72979e-09
1121,1.8872123e-07
1122,6.037018e-07
1123,1.0578233e-06
1124,1.3926483e-06
1125,1.5763056e-06
1126,1.6477646e-06
1127,1.6576129e-06
1128,1.642597e-06
1129,1.6227574e-06
1130,1.6064262e-06
1131,1.5955598e-06
1132,1.5893859e-06
1133,1.5863983e-06
1134,1.5852371e-06
1135,1.5849491e-06
1136,1.5849736e-06
1137,1.5850405e-06
1138,1.585054e-06
1139,1.5850003e-06
1140,1.5848955e-06
1141,1.5847681e-06
1142,1.5846321e-06
1143,1.5845071e-06
1144,1.5843909e-06
1145,1.5842905e-06
1146,1.5841989e-06
1147,1.5841254e-06
1148,1.5840584e-06
1149,1.5840048e-06
1150,1.5839513e-06
1151,1.5839112e-06
1152,1.5838755e-06
1153,1.5838397e-06
1154,1.5838107e-06
1155,1.5837861e-06
1156,1.5837638e-06
1157,1.5837438e-06
1158,1.5837304e-06
1159,1.5837126e-06
1160,1.5837036e-06
1161,1.5836923e-06
1162,1.5836858e-06
1163,1.5836769e-06
1164,1.5836656e-06
1165,1.5836612e-06
1166,1.5836545e-06
1167,1.5836478e-06
1168,1.5836456e-06
1169,1.5836432e-06
1170,1.5836367e-06
1171,1.5836367e-06
1172,1.5836343e-06
1173,1.5836323e-06
1174,1.5836299e-06
1175,1.5836299e-06
1176,1.5836255e-06
1177,1.5836255e-06
1178,1.5836255e-06
1179,1.5836232e-06
1180,1.5836209e-06
1181,1.5836209e-06
1182,1.5836209e-06
1183,1.5836188e-06
1184,1.5836188e-06
1185,1.5836188e-06
1186,1.5836188e-06
1187,1.5836165e-06
1188,1.5836165e-06
1189,1.5836143e-06
1190,1.5836143e-06
1191,1.5836165e-06
1192,1.5836165e-06
1193,1.5836165e-06
1194,1.5836165e-06
1195,1.5836143e-06
1196,1.5836143e-06
1197,1.5836143e-06
1198,1.5836143e-06
1199,1.5836143e-06
1200,1.5836143e-06
1201,1.5836143e-06
1202,1.5836143e-06
1203,1.5836143e-06
1204,1.5836143e-06
1205,1.5836143e-06
1206,1.5836121e-06
1207,1.5836143e-06
1208,1.5836121e-06
1209,1.5836121e-06
1210,1.5836143e-06
1211,1.5836121e-06
1212,1.5836121e-06
1213,1.5836143e-06
1214,1.5836143e-06
1215,1.5836143e-06
1216,1.5836143e-06
1217,1.5836143e-06
1218,1.5836143e-06
1219,1.5836143e-06
1220,1.5836143e-06
1221,1.5836143e-06
1222,1.5836143e-06
1223,1.5836143e-06
1224,1.5836143e-06
1225,1.5836143e-06
1226,1.5836143e-06
1227,1.5836143e-06
1228,1.5836143e-06
1229,1.5836143e-06
1230,1.5836143e-06
1231,1.5836143e-06
1232,1.5836143e-06
1233,1.5836143e-06
1234,1.5836143e-06
1235,1.5836143e-06
1236,1.5836143e-06
1237,1.5836143e-06
1238,1.5836143e-06
1239,1.5836143e-06
1240,1.5836143e-06
1241,1.5836143e-06
1242,1.5836143e-06
1243,1.5836143e-06
1244,1.5836143e-06
1245,1.5836143e-06
1246,1.5836143e-06
1247,1.5836143e-06
1248,1.5836143e-06
1249,1.5836143e-06
1250,1.5836143e-06
1251,1.5836143e-06
1252,1.5836143e-06
1253,1.5836143e-06
1254,1.5836143e-06
1255,1.5836143e-06
1256,1.5836143e-06
1257,1.5836143e-06
1258,1.5836143e-06
1259,1.5836143e-06
1260,1.5836143e-06
1261,1.5836143e-06
1262,1.5836143e-06
1263,1.5836143e-06
1264,1.5836143e-06
1265,1.5836143e-06
1266,1.5836143e-06
1267,1.5836143e-06
1268,1.5836143e-06
1269,1.5836143e-06
1270,1.5836143e-06
1271,1.5836143e-06
1272,1.5836143e-06
1273,1.5836143e-06
1274,1.5836143e-06
1275,1.5836143e-06
1276,1.5836143e-06
1277,1.5836143e-06
1278,1.5836143e-06
1279,1.5836143e-06
1280,1.5836143e-06
1281,1.5836143e-06
1282,1.5836143e-06
1283,1.5836143e-06
1284,1.5836143e-06
1285,1.5836143e-06
1286,1.5836143e-06
1287,1.5836143e-06
1288,1.5836143e-06
1289,1.5836143e-06
1290,1.5836143e-06
1291,1.5836143e-06
1292,1.5836143e-06
1293,1.5836143e-06
1294,1.5836143e-06
1295,1.5836143e-06
1296,1.5836143e-06
1297,1.5836143e-06
1298,1.5836143e-06
1299,1.5836143e-06
1300,1.5836143e-06
1301,1.5836143e-06
1302,1.5836143e-06
1303,1.5836143e-06
1304,1.5836143e-06
1305,1.5836143e-06
1306,1.5836143e-06
1307,1.5836143e-06
1308,1.5836143e-06
1309,1.5836143e-06
1310,1.5836143e-06
1311,1.5836143e-06
1312,1.5836143e-06
1313,1.5836143e-06
1314,1.5836143e-06
1315,1.5836143e-06
1316,1.5836143e-06
1317,1.5836143e-06
1318,1.5836143e-06
1319,1.5836143e-06
1320,1.5836143e-06
1321,1.5836143e-06
1322,1.5836143e-06
1323,1.5836143e-06
1324,1.5836143e-06
1325,1.5836143e-06
1326,1.5836143e-06
1327,1.5836143e-06
1328,1.5836143e-06
1329,1.5836143e-06
1330,1.5836143e-06
1331,1.5836143e-06
1332,1.5836143e-06
1333,1.5836143e-06
1334,1.5836143e-06
1335,1.5836143e-06
1336,1.5836143e-06
1337,1.5836143e-06
1338,1.5836143e-06
1339,1.5836143e-06
1340,1.5836143e-06
1341,1.5836143e-06
1342,1.5836143e-06
1343,1.5836143e-06
1344,1.5836143e-06
1345,1.5836143e-06
1346,1.5836143e-06
1347,1.5836143e-06
1348,1.5836143e-06
1349,1.5836143e-06
1350,1.5836143e-06
1351,1.5836143e-06
1352,1.5836143e-06
1353,1.5836143e-06
1354,1.5836143e-06
1355,1.5836143e-06
1356,1.5836143e-06
1357,1.5836143e-06
1358,1.5836143e-06
1359,1.5836143e-06
1360,1.5836143e-06
1361,1.5836143e-06
1362,1.5836143e-06
1363,1.5836143e-06
1364,1.5836143e-06
1365,1.5836143e-06
1366,1.5836143e-06
1367,1.5836143e-06
1368,1.5836143e-06
1369,1.5836143e-06
1370,1.5836143e-06
1371,1.5836143e-06
1372,1.5836143e-06
1373,1.5836143e-06
1374,1.5836143e-06
1375,1.5836143e-06
1376,1.5836143e-06
1377,1.5836143e-06
1378,1.5836143e-06
1379,1.5836143e-06
1380,1.5836143e-06
1381,1.5836143e-06
1382,1.5836143e-06
1383,1.5836143e-06
1384,1.5836143e-06
1385,1.5836143e-06
1386,1.5836143e-06
1387,1.5836143e-06
1388,1.5836143e-06
1389,1.5836143e-06
1390,1.5836143e-06
1391,1.5836143e-06
1392,1.5836143e-06
1393,1.5836143e-06
1394,1.5836143e-06
1395,1.5836143e-06
1396,1.5836143e-06
1397,1.5836143e-06
1398,1.5836143e-06
1399,1.5836143e-06
1400,1.5836143e-06
1401,1.5836143e-06
1402,1.5836143e-06
1403,1.5836143e-06
1404,1.5836143e-06
1405,1.5836143e-06
1406,1.5836143e-06
1407,1.5836143e-06
1408,1.5836143e-06
1409,1.5836143e-06
1410,1.5836143e-06
1411,1.5836143e-06
1412,1.5836143e-06
1413,1.5836143e-06
1414,1.5836143e-06
1415,1.5836143e-06
1416,1.5836143e-06
1417,1.5836143e-06
1418,1.5836143e-06
1419,1.5836143e-06
1420,1.5836143e-06
1421,1.5836143e-06
1422,1.5836143e-06
1423,1.5836143e-06
1424,1.5836143e-06
1425,1.5836143e-06
1426,1.5836143e-06
1427,1.5836143e-06
1428,1.5836143e-06
1429,1.5836143e-06
1430,1.5836143e-06
1431,1.5836143e-06
1432,1.5836143e-06
1433,1.5836143e-06
1434,1.5836143e-06
1435,1.5836143e-06
1436,1.5836143e-06
1437,1.5836143e-06
1438,1.5836143e-06
1439,1.5836143e-06
1440,1.5836143e-06
1441,1.5836143e-06
1442,1.5836143e-06
1443,1.5836143e-06
1444,1.5836143e-06
1445,1.5836143e-06
1446,1.5836143e-06
1447,1.5836143e-06
1448,1.5836143e-06
1449,1.5836143e-06
1450,1.5836143e-06
1451,1.5836143e-06
1452,1.5836143e-06
1453,1.5836143e-06
1454,1.5836143e-06
1455,1.5836143e-06
1456,1.5836143e-06
1457,1.5836143e-06
1458,1.5836143e-06
1459,1.5836143e-06
1460,1.5836143e-06
1461,1.5836143e-06
1462,1.5836143e-06
1463,1.5836143e-06
1464,1.5836143e-06
1465,1.5836143e-06
1466,1.5836143e-06
1467,1.5836143e-06
1468,1.5836143e-06
1469,1.5836143e-06
1470,1.5836143e-06
1471,1.5836143e-06
1472,1.5836143e-06
1473,1.5836143e-06
1474,1.5836143e-06
1475,1.5836143e-06
1476,1.5836143e-06
1477,1.5836143e-06
1478,1.5836143e-06
1479,1.5836143e-06
1480,1.5836143e-06
1481,1.5836143e-06
1482,1.5836143e-06
1483,1.5836143e-06
1484,1.5836143e-06
1485,1.5836143e-06
1486,1.5836143e-06
1487,1.5836143e-06
1488,1.5836143e-06
1489,1.5836143e-06
1490,1.5836143e-06
1491,1.5836143e-06
1492,1.5836143e-06
1493,1.5836143e-06
1494,1.5836143e-06
1495,1.5836143e-06
1496,1.5836143e-06
1497,1.5836143e-06
1498,1.5836143e-06
1499,1.5836143e-06
1500,1.5836143e-06
1501,1.5836143e-06
1502,1.5836143e-06
1503,1.5836143e-06
1504,1.5836143e-06
1505,1.5836143e-06
1506,1.5836143e-06
1507,1.5836143e-06
1508,1.5836143e-06
1509,1.5836143e-06
1510,1.5836143e-06
1511,1.5836143e-06
1512,1.5836143e-06
1513,1.5836143e-06
1514,1.5836143e-06
1515,1.5836143e-06
1516,1.5836143e-06
1517,1.5836143e-06
1518,1.5836143e-06
1519,1.5836143e-06
1520,1.5836143e-06
1521,1.5836143e-06
1522,1.5836143e-06
1523,1.5836143e-06
1524,1.5836143e-06
1525,1.5836143e-06
1526,1.5836143e-06
1527,1.5836143e-06
1528,1.5836143e-06
1529,1.5836143e-06
1530,1.5836143e-06
1531,1.5836143e-06
1532,1.5836143e-06
1533,1.5836143e-06
1534,1.5836143e-06
1535,1.5836143e-06
1536,1.5836143e-06
1537,1.5836143e-06
1538,1.5836143e-06
1539,1.5836143e-06
1540,1.5836143e-06
1541,1.5836143e-06
1542,1.5836143e-06
1543,1.5836143e-06
1544,1.5836143e-06
1545,1.5836143e-06
1546,1.5836143e-06
1547,1.5836143e-06
1548,1.5836143e-06
1549,1.5836143e-06
1550,1.5836143e-06
1551,1.5836143e-06
1552,1.5836143e-06
1553,1.5836143e-06
1554,1.5836143e-06
1555,1.5836143e-06
1556,1.5836143e-06
1557,1.5836143e-06
1558,1.5836143e-06
1559,1.5836143e-06
1560,1.5836143e-06
1561,1.5836143e-06
1562,1.5836143e-06
1563,1.5836143e-06
1564,1.5836143e-06
1565,1.5836143e-06
1566,1.5836143e-06
1567,1.5836143e-06
1568,1.5836143e-06
1569,1.5836143e-06
1570,1.5836143e-06
1571,1.5836143e-06
1572,1.5836143e-06
1573,1.5836143e-06
1574,1.5836143e-06
1575,1.5836143e-06
1576,1.5836143e-06
1577,1.5836143e-06
1578,1.5836143e-06
1579,1.5836143e-06
1580,1.5836143e-06
1581,1.5836143e-06
1582,1.5836143e-06
1583,1.5836143e-06
1584,1.5836143e-06
1585,1.5836143e-06
1586,1.5836143e-06
1587,1.5836143e-06
1588,1.5836143e-06
1589,1.5836143e-06
1590,1.5836143e-06
1591,1.5836143e-06
1592,1.5836143e-06
1593,1.5836143e-06
1594,1.5836143e-06
1595,1.5836143e-06
1596,1.5836143e-06
1597,1.5836143e-06
1598,1.5836143e-06
1599,1.5836143e-06
1600,1.5836143e-06
1601,1.5836143e-06
1602,1.5836143e-06
1603,1.5836143e-06
1604,1.5836143e-06
1605,1.5836143e-06
1606,1.5836143e-06
1607,1.5836143e-06
1608,1.5836143e-06
1609,1.5836143e-06
1610,1.5836143e-06
1611,1.5836143e-06
1612,1.5836143e-06
1613,1.5836143e-06
1614,1.5836143e-06
1615,1.5836143e-06
1616,1.5836143e-06
1617,1.5836143e-06
1618,1.5836143e-06
1619,1.5836143e-06
1620,1.5836143e-06
1621,1.5836143e-06
1622,1.5836143e-06
1623,1.5836143e-06
1624,1.5836143e-06
1625,1.5836143e-06
1626,1.5836143e-06
1627,1.5836143e-06
1628,1.5836143e-06
1629,1.5836143e-06
1630,1.5836143e-06
1631,1.5836143e-06
1632,1.5836143e-06
1633,1.5836143e-06
1634,1.5836143e-06
1635,1.5836143e-06
1636,1.5836143e-06
1637,1.5836143e-06
1638,1.5836143e-06
1639,1.5836143e-06
1640,1.5836143e-06
1641,1.5836143e-06
1642,1.5836143e-06
1643,1.5836143e-06
1644,1.5836143e-06
1645,1.5836143e-06
1646,1.5836143e-06
1647,1.5836143e-06
1648,1.5836143e-06
1649,1.5836143e-06
1650,1.5836143e-06
1651,1.5836143e-06
1652,1.5836143e-06
1653,1.5836143e-06
1654,1.5836143e-06
1655,1.5836143e-06
1656,1.5836143e-06
1657,1.5836143e-06
1658,1.5836143e-06
1659,1.5836143e-06
1660,1.5836143e-06
1661,1.5836143e-06
1662,1.5836143e-06
1663,1.5836143e-06
1664,1.5836143e-06
1665,1.5836143e-06
1666,1.5836143e-06
1667,1.5836143e-06
1668,1.5836143e-06
1669,1.5836143e-06
1670,1.5836143e-06
1671,1.5836143e-06
1672,1.5836143e-06
1673,1.5836143e-06
1674,1.5836143e-06
1675,1.5836143e-06
1676,1.5836143e-06
1677,1.5836143e-06
1678,1.5836143e-06
1679,1.5836143e-06
1680,1.5836143e-06
1681,1.5836143e-06
1682,1.5836143e-06
1683,1.5836143e-06
1684,1.5836143e-06
1685,1.5836143e-06
1686,1.5836143e-06
1687,1.5836143e-06
1688,1.5836143e-06
1689,1.5836143e-06
1690,1.5836143e-06
1691,1.5836143e-06
1692,1.5836143e-06
1693,1.5836143e-06
1694,1.5836143e-06
1695,1.5836143e-06
1696,1.5836143e-06
1697,1.5836143e-06
1698,1.5836143e-06
1699,1.5836143e-06
1700,1.5836143e-06
1701,1.5836143e-06
1702,1.5836143e-06
1703,1.5836143e-06
1704,1.5836143e-06
1705,1.5836143e-06
1706,1.5836143e-06
1707,1.5836143e-06
1708,1.5836143e-06
1709,1.5836143e-06
1710,1.5836143e-06
1711,1.5836143e-06
1712,1.5836143e-06
1713,1.5836143e-06
1714,1.5836143e-06
1715,1.5836143e-06
1716,1.5836143e-06
1717,1.5836143e-06
1718,1.5836143e-06
1719,1.5836143e-06
1720,1.5836143e-06
1721,1.5836143e-06
1722,1.5836143e-06
1723,1.5836143e-06
1724,1.5836143e-06
1725,1.5836143e-06
1726,1.5836143e-06
1727,1.5836143e-06
1728,1.5836143e-06
1729,1.5836143e-06
1730,1.5836143e-06
1731,1.5836143e-06
1732,1.5836143e-06
1733,1.5836143e-06
1734,1.5836143e-06
1735,1.5836143e-06
1736,1.5836143e-06
1737,1.5836143e-06
1738,1.5836143e-06
1739,1.5836143e-06
1740,1.5836143e-06
1741,1.5836143e-06
1742,1.5836143e-06
1743,1.5836143e-06
1744,1.5836143e-06
1745,1.5836143e-06
1746,1.5836143e-06
1747,1.5836143e-06
1748,1.5836143e-06
1749,1.5836143e-06
1750,1.5836143e-06
1751,1.5836143e-06
1752,1.5836143e-06
1753,1.5836143e-06
1754,1.5836143e-06
1755,1.5836143e-06
1756,1.5836143e-06
1757,1.5836143e-06
1758,1.5836143e-06
1759,1.5836143e-06
1760,1.5836143e-06
1761,1.5836143e-06
1762,1.5836143e-06
1763,1.5836143e-06
1764,1.5836143e-06
1765,1.5836143e-06
1766,1.5836143e-06
1767,1.5836143e-06
1768,1.5836143e-06
1769,1.5836143e-06
1770,1.5836143e-06
1771,1.5836143e-06
1772,1.5836143e-06
1773,1.5836143e-06
1774,1.5836143e-06
1775,1.5836143e-06
1776,1.5836143e-06
1777,1.5836143e-06
1778,1.5836143e-06
1779,1.5836143e-06
1780,1.5836143e-06
1781,1.5836143e-06
1782,1.5836143e-06
1783,1.5836143e-06
1784,1.5836143e-06
1785,1.5836143e-06
1786,1.5836143e-06
1787,1.5836143e-06
1788,1.5836143e-06
1789,1.5836143e-06
1790,1.5836143e-06
1791,1.5836143e-06
1792,1.5836143e-06
1793,1.5836143e-06
1794,1.5836143e-06
1795,1.5836143e-06
1796,1.5836143e-06
1797,1.5836143e-06
1798,1.5836143e-06
1799,1.5836143e-06
1800,1.5836143e-06
1801,1.5836143e-06
1802,1.5836143e-06
1803,1.5836143e-06
1804,1.5836143e-06
1805,1.5836143e-06
1806,1.5836143e-06
1807,1.5836143e-06
1808,1.5836143e-06
1809,1.5836143e-06
1810,1.5836143e-06
1811,1.5836143e-06
1812,1.5836143e-06
1813,1.5836143e-06
1814,1.5836143e-06
1815,1.5836143e-06
1816,1.5836143e-06
1817,1.5836143e-06
1818,1.5836143e-06
1819,1.5836143e-06
1820,1.5836143e-06
1821,1.5836143e-06
1822,1.5836143e-06
1823,1.5836143e-06
1824,1.5836143e-06
1825,1.5836143e-06
1826,1.5836143e-06
1827,1.5836143e-06
1828,1.5836143e-06
1829,1.5836143e-06
1830,1.5836143e-06
1831,1.5836143e-06
1832,1.5836143e-06
1833,1.5836143e-06
1834,1.5836143e-06
1835,1.5836143e-06
1836,1.5836143e-06
1837,1.5836143e-06
1838,1.5836143e-06
1839,1.5836143e-06
1840,1.5836143e-06
1841,1.5836143e-06
1842,1.5836143e-06
1843,1.5836143e-06
1844,1.5836143e-06
1845,1.5836143e-06
1846,1.5836143e-06
1847,1.5836143e-06
1848,1.5836143e-06
1849,1.5836143e-06
1850,1.5836143e-06
1851,1.5836143e-06
1852,1.5836143e-06
1853,1.5836143e-06
1854,1.5836143e-06
1855,1.5836143e-06
1856,1.5836143e-06
1857,1.5836143e-06
1858,1.5836143e-06
1859,1.5836143e-06
1860,1.5836143e-06
1861,1.5836143e-06
1862,1.5836143e-06
1863,1.5836143e-06
1864,1.5836143e-06
1865,1.5836143e-06
1866,1.5836143e-06
1867,1.5836143e-06
1868,1.5836143e-06
1869,1.5836143e-06
1870,1.5836143e-06
1871,1.5836143e-06
1872,1.5836143e-06
1873,1.5836143e-06
1874,1.5836143e-06
1875,1.5836143e-06
1876,1.5836143e-06
1877,1.5836143e-06
1878,1.5836143e-06
1879,1.5836143e-06
1880,1.5836143e-06
1881,1.5836143e-06
1882,1.5836143e-06
1883,1.5836143e-06
1884,1.5836143e-06
1885,1.5836143e-06
1886,1.5836143e-06
1887,1.5836143e-06
1888,1.5836143e-06
1889,1.5836143e-06
1890,1.5836143e-06
1891,1.5836143e-06
1892,1.5836143e-06
1893,1.5836143e-06
1894,1.5836143e-06
1895,1.5836143e-06
1896,1.5836143e-06
1897,1.5836143e-06
1898,1.5836143e-06
1899,1.5836143e-06
1900,1.5836143e-06
1901,1.5836143e-06
1902,1.5836143e-06
1903,1.5836143e-06
1904,1.5836143e-06
1905,1.5836143e-06
1906,1.5836143e-06
1907,1.5836143e-06
1908,1.5836143e-06
1909,1.5836143e-06
1910,1.5836143e-06
1911,1.5836143e-06
1912,1.5836143e-06
1913,1.5836143e-06
1914,1.5836143e-06
1915,1.5836143e-06
1916,1.5836143e-06
1917,1.5836143e-06
1918,1.5836143e-06
1919,1.5836143e-06
1920,1.5836143e-06
1921,1.5836143e-06
1922,1.5836143e-06
1923,1.5836143e-06
1924,1.5836143e-06
1925,1.5836143e-06
1926,1.5836143e-06
1927,1.5836143e-06
1928,0.0007810421
1929,8.6569555e-05
1930,3.9860795e-05
1931,7.127413e-06
1932,4.199877e-07
1933,2.6304084e-11
1934,8.72979e-09
1935,1.8872123e-07
1936,6.037018e-07
1937,1.0578252e-06
1938,1.3926483e-06
1939,1.5763056e-06
1940,1.6477622e-06
1941,1.6576129e-06
1942,1.6425948e-06
1943,1.6227574e-06
1944,1.6064283e-06
1945,1.5955598e-06
1946,1.5893859e-06
1947,1.5864005e-06
1948,1.5852371e-06
1949,1.5849491e-06
1950,1.5849736e-06
1951,1.5850429e-06
1952,1.5850562e-06
1953,1.5850003e-06
1954,1.5848955e-06
1955,1.5847681e-06
1956,1.5846321e-06
1957,1.5845048e-06
1958,1.5843909e-06
1959,1.5842883e-06
1960,1.5842013e-06
1961,1.5841232e-06
1962,1.5840584e-06
1963,1.5840026e-06
1964,1.5839513e-06
1965,1.5839112e-06
1966,1.5838732e-06
1967,1.5838419e-06
1968,1.5838107e-06
1969,1.5837861e-06
1970,1.5837638e-06
1971,1.5837438e-06
1972,1.5837304e-06
1973,1.5837147e-06
1974,1.5837036e-06
1975,1.5836947e-06
1976,1.5836858e-06
1977,1.5836769e-06
1978,1.5836679e-06
1979,1.5836589e-06
1980,1.5836545e-06
1981,1.5836478e-06
1982,1.5836432e-06
1983,1.5836412e-06
1984,1.5836367e-06
1985,1.5836343e-06
1986,1.5836343e-06
1987,1.5836299e-06
1988,1.5836299e-06
1989,1.5836277e-06
1990,1.5836255e-06
1991,1.5836255e-06
1992,1.5836255e-06
1993,1.5836232e-06
1994,1.5836209e-06
1995,1.5836209e-06
1996,1.5836209e-06
1997,1.5836188e-06
1998,1.5836188e-06
1999,1.5836188e-06
2000,1.5836209e-06
2001,1.5836188e-06
2002,1.5836188e-06
2003,1.5836188e-06
2004,1.5836165e-06
2005,1.5836165e-06
2006,1.5836188e-06
2007,1.5836165e-06
2008,1.5836165e-06
2009,1.5836143e-06
2010,1.5836143e-06
2011,1.5836165e-06
2012,1.5836143e-06
2013,1.5836165e-06
2014,1.5836165e-06
2015,1.5836165e-06
2016,1.5836143e-06
2017,1.5836143e-06
2018,1.5836165e-06
2019,1.5836165e-06
2020,1.5836143e-06
2021,1.5836165e-06
2022,1.5836143e-06
2023,1.5836143e-06
2024,1.5836143e-06
2025,1.5836143e-06
2026,1.5836143e-06
2027,1.5836143e-06
2028,1.5836143e-06
2029,1.5836143e-06
2030,1.5836165e-06
2031,1.5836143e-06
2032,1.5836143e-06
2033,1.5836143e-06
2034,1.5836143e-06
2035,1.5836143e-06
2036,1.5836143e-06
2037,1.5836143e-06
2038,1.5836143e-06
2039,1.5836143e-06
2040,1.5836143e-06
2041,1.5836143e-06
2042,1.5836143e-06
2043,1.5836143e-06
2044,1.5836143e-06
2045,1.5836143e-06
2046,1.5836143e-06
2047,1.5836143e-06
2048,1.5836143e-06
2049,1.5836143e-06
2050,1.5836143e-06
2051,1.5836143e-06
2052,1.5836143e-06
2053,1.5836143e-06
2054,1.5836143e-06
2055,1.5836143e-06
2056,1.5836143e-06
2057,1.5836143e-06
2058,1.5836143e-06
2059,1.5836143e-06
2060,1.5836143e-06
2061,1.5836143e-06
2062,1.5836143e-06
2063,1.5836143e-06
2064,1.5836143e-06
2065,1.5836143e-06
2066,1.5836143e-06
2067,1.5836143e-06
2068,1.5836143e-06
2069,1.5836143e-06
2070,1.5836143e-06
2071,1.5836143e-06
2072,1.5836143e-06
2073,1.5836143e-06
2074,1.5836143e-06
2075,1.5836143e-06
2076,1.5836143e-06
2077,1.5836143e-06
2078,0.0007810421
2079,8.6569555e-05
2080,3.9860795e-05
2081,7.127413e-06
2082,4.199877e-07
2083,2.6304084e-11
2084,8.72979e-09
2085,1.8872123e-07
2086,6.037018e-07
2087,1.0578233e-06
2088,1.3926483e-06
2089,1.5763034e-06
2090,1.6477622e-06
2091,1.6576129e-06
2092,1.642597e-06
2093,1.6227574e-06
2094,1.6064262e-06
2095,1.5955598e-06
2096,1.5893859e-06
2097,1.5864005e-06
2098,1.5852371e-06
2099,1.5849491e-06
2100,1.5849736e-06
2101,1.5850429e-06
2102,1.585054e-06
2103,1.5850003e-06
2104,1.5848977e-06
2105,1.5847681e-06
2106,1.5846321e-06
2107,1.5845048e-06
2108,1.5843909e-06
2109,1.5842861e-06
2110,1.5842013e-06
2111,1.5841254e-06
2112,1.5840584e-06
2113,1.5840026e-06
2114,1.5839513e-06
2115,1.5839112e-06
2116,1.5838732e-06
2117,1.5838419e-06
2118,1.583813e-06
2119,1.5837861e-06
2120,1.5837638e-06
2121,1.5837438e-06
2122,1.5837281e-06
2123,1.5837147e-06
2124,1.5837059e-06
2125,1.5836947e-06
2126,1.5836879e-06
2127,1.5836769e-06
2128,1.58367e-06
2129,1.5836612e-06
2130,1.5836567e-06
2131,1.58365e-06
2132,1.5836432e-06
2133,1.5836412e-06
2134,1.5836388e-06
2135,1.5836343e-06
2136,1.5836343e-06
2137,1.5836323e-06
2138,1.5836323e-06
2139,1.5836299e-06
2140,1.5836277e-06
2141,1.5836255e-06
2142,1.5836255e-06
2143,1.5836232e-06
2144,1.5836232e-06
2145,1.5836188e-06
2146,1.5836188e-06
2147,1.5836165e-06
2148,1.5836188e-06
2149,1.5836188e-06
2150,1.5836165e-06
2151,1.5836188e-06
2152,1.5836165e-06
2153,1.5836165e-06
2154,1.5836165e-06
2155,1.5836165e-06
2156,1.5836188e-06
2157,1.5836188e-06
2158,1.5836165e-06
2159,1.5836165e-06
2160,0.0007810421
2161,8.656959e-05
2162,3.9860795e-05
2163,7.1274176e-06
2164,4.1999e-07
2165,2.629499e-11
2166,8.729624e-09
2167,1.8872123e-07
2168,6.037018e-07
2169,1.0578252e-06
2170,1.3926503e-06
2171,1.5763034e-06
2172,1.6477646e-06
2173,1.6576129e-06
2174,1.6425926e-06
2175,1.622753e-06
2176,1.6064239e-06
2177,1.595562e-06
2178,1.5893859e-06
2179,1.5864005e-06
2180,1.5852394e-06
2181,1.5849491e-06
2182,1.5849736e-06
2183,1.5850429e-06
2184,1.5850562e-06
2185,1.5850003e-06
2186,1.5848977e-06
2187,1.5847705e-06
2188,1.5846321e-06
2189,1.5845071e-06
2190,1.5843909e-06
2191,1.5842883e-06
2192,1.5841989e-06
2193,1.5841232e-06
2194,1.5840584e-06
2195,1.5840004e-06
2196,1.5839513e-06
2197,1.5839133e-06
2198,1.5838732e-06
2199,1.5838419e-06
2200,1.5838107e-06
2201,1.5837884e-06
2202,1.5837638e-06
2203,1.5837459e-06
2204,1.5837304e-06
2205,1.5837147e-06
2206,1.5837036e-06
2207,1.5836947e-06
2208,1.5836879e-06
2209,1.5836769e-06
2210,1.5836679e-06
2211,1.5836612e-06
2212,0.00078104116
2213,8.656985e-05
2214,3.9860934e-05
2215,7.127461e-06
2216,4.199992e-07
2217,2.6376892e-11
2218,8.730949e-09
2219,1.8872663e-07
2220,6.0370866e-07
2221,1.0578324e-06
2222,1.3926566e-06
2223,1.5763101e-06
2224,1.6477716e-06
2225,1.6576219e-06
2226,1.6425993e-06
2227,1.6227599e-06
2228,1.6064351e-06
2229,1.5955642e-06
2230,1.5893903e-06
2231,1.5864049e-06
2232,1.5852394e-06
2233,1.5849513e-06
2234,1.5849758e-06
2235,1.5850429e-06
2236,1.5850562e-06
2237,1.5850027e-06
2238,1.5848977e-06
2239,1.5847705e-06
2240,1.5846343e-06
2241,1.5845071e-06
2242,1.5843909e-06
2243,1.5842883e-06
2244,1.5842013e-06
2245,1.5841276e-06
2246,1.5840584e-06
2247,1.5840026e-06
2248,1.5839535e-06
2249,1.5839112e-06
2250,1.5838755e-06
2251,1.5838397e-06
2252,1.5838107e-06
2253,1.5837861e-06
2254,1.5837638e-06
2255,1.5837438e-06
2256,1.5837304e-06
2257,1.5837147e-06
2258,1.5837059e-06
2259,1.5836947e-06
2260,1.5836858e-06
2261,1.5836769e-06
2262,1.5836679e-06
2263,1.5836612e-06
2264,1.5836545e-06
2265,1.58365e-06
2266,1.5836412e-06
2267,1.5836412e-06
2268,1.5836367e-06
2269,1.5836367e-06
2270,1.5836343e-06
2271,1.5836323e-06
2272,1.5836299e-06
2273,1.5836299e-06
2274,1.5836277e-06
2275,1.5836255e-06
2276,1.5836232e-06
2277,1.5836255e-06
2278,1.5836209e-06
2279,1.5836209e-06
2280,1.5836209e-06
2281,1.5836188e-06
2282,1.5836188e-06
2283,1.5836188e-06
2284,1.5836209e-06
2285,1.5836188e-06
2286,1.5836165e-06
2287,1.5836165e-06
2288,1.5836165e-06
2289,1.5836165e-06
2290,1.5836165e-06
2291,1.5836165e-06
2292,1.5836165e-06
2293,1.5836165e-06
2294,1.5836143e-06
2295,1.5836143e-06
2296,1.5836143e-06
2297,1.5836143e-06
2298,1.5836121e-06
2299,1.5836143e-06
2300,1.5836143e-06
2301,1.5836143e-06
2302,1.5836165e-06
2303,1.5836143e-06
2304,1.5836143e-06
2305,1.5836143e-06
2306,1.5836165e-06
2307,1.5836143e-06
2308,1.5836143e-06
2309,1.5836143e-06
2310,1.5836143e-06
2311,1.5836143e-06
2312,1.5836143e-06
2313,1.5836143e-06
2314,1.5836143e-06
2315,1.5836165e-06
2316,1.5836165e-06
2317,1.5836165e-06
2318,1.5836165e-06
2319,1.5836165e-06
2320,1.5836165e-06
2321,1.5836165e-06
2322,1.5836165e-06
2323,1.5836165e-06
2324,1.5836165e-06
2325,1.5836165e-06
2326,1.5836165e-06
2327,1.5836165e-06
2328,1.5836165e-06
2329,1.5836165e-06
2330,1.5836165e-06
2331,1.5836165e-06
2332,1.5836165e-06
2333,1.5836165e-06
2334,1.5836165e-06
2335,1.5836165e-06
2336,1.5836165e-06
2337,1.5836165e-06
2338,1.5836165e-06
2339,1.5836165e-06
2340,1.5836165e-06
2341,1.5836165e-06
2342,1.5836165e-06
2343,1.5836165e-06
2344,1.5836165e-06
2345,1.5836165e-06
2346,1.5836165e-06
2347,1.5836165e-06
2348,1.5836165e-06
2349,1.5836165e-06
2350,1.5836165e-06
2351,1.5836165e-06
2352,1.5836165e-06
2353,1.5836165e-06
2354,1.5836165e-06
2355,1.5836165e-06
2356,1.5836165e-06
2357,1.5836165e-06
2358,1.5836165e-06
2359,1.5836165e-06
2360,1.5836165e-06
2361,1.5836165e-06
2362,1.5836165e-06
2363,1.5836165e-06
2364,1.5836165e-06
2365,1.5836165e-06
2366,1.5836165e-06
2367,1.5836165e-06
2368,1.5836165e-06
2369,1.5836165e-06
2370,1.5836165e-06
2371,1.5836165e-06
2372,1.5836165e-06
2373,1.5836165e-06
2374,1.5836165e-06
2375,1.5836165e-06
2376,1.5836165e-06
2377,1.5836165e-06
2378,1.5836165e-06
2379,0.0007810421
2380,8.6569555e-05
2381,3.9860795e-05
2382,7.127413e-06
2383,4.1998882e-07
2384,2.6304084e-11
2385,8.72979e-09
2386,1.8872123e-07
2387,6.037018e-07
2388,1.0578252e-06
2389,1.3926503e-06
2390,1.5763056e-06
2391,1.6477622e-06
2392,1.6576105e-06
2393,1.6425948e-06
2394,1.6227574e-06
2395,1.6064262e-06
2396,0.003265887
2397,0.00035446306
2398,0.00014604443
2399,1.7011627e-05
2400,2.006836e-08
2401,0.000938861
2402,4.6186822e-05
2403,2.1055954e-05
2404,2.9269122e-06
2405,4.8360935e-08
2406,1.4737227e-08
2407,1.1676048e-08
2408,2.4651774e-07
2409,7.069415e-07
2410,1.1604963e-06
2411,1.4682374e-06
2412,1.6221771e-06
2413,1.6720754e-06
2414,1.6695382e-06
2415,1.648664e-06
2416,1.626643e-06
2417,1.6098081e-06
2418,1.5989865e-06
2419,1.5928999e-06
2420,1.5898664e-06
2421,1.5885186e-06
2422,1.5879465e-06
2423,1.587647e-06
2424,1.5873945e-06
2425,1.5871063e-06
2426,1.5867824e-06
2427,1.586443e-06
2428,1.5861101e-06
2429,1.5857997e-06
2430,1.5855205e-06
2431,1.5852772e-06
2432,1.5850628e-06
2433,1.5848755e-06
2434,1.5847146e-06
2435,1.5845695e-06
2436,1.5844513e-06
2437,1.5843441e-06
2438,1.5842548e-06
2439,1.5841722e-06
2440,1.5841031e-06
2441,1.5840407e-06
2442,1.583987e-06
2443,1.5839424e-06
2444,1.5839023e-06
2445,1.5838621e-06
2446,1.5838331e-06
2447,1.5838041e-06
2448,1.5837817e-06
2449,1.5837571e-06
2450,1.5837414e-06
2451,1.583726e-06
2452,1.5837126e-06
2453,1.5837014e-06
2454,1.5836903e-06
2455,1.5836835e-06
2456,1.5836746e-06
2457,1.5836679e-06
2458,1.5836589e-06
2459,1.5836545e-06
2460,1.58365e-06
2461,1.5836456e-06
2462,1.5836412e-06
2463,1.5836367e-06
2464,1.5836367e-06
2465,1.5836343e-06
2466,1.5836323e-06
2467,1.5836299e-06
2468,1.5836277e-06
2469,1.5836255e-06
2470,1.5836255e-06
2471,1.5836255e-06
2472,1.5836255e-06
2473,1.5836232e-06
2474,1.5836209e-06
2475,1.5836188e-06
2476,1.5836188e-06
2477,1.5836188e-06
2478,1.5836188e-06
2479,1.5836188e-06
2480,1.5836165e-06
2481,1.5836188e-06
2482,1.5836188e-06
2483,1.5836165e-06
2484,1.5836165e-06
2485,1.5836143e-06
2486,1.5836143e-06
2487,1.5836143e-06
2488,1.5836143e-06
2489,1.5836143e-06
2490,1.5836143e-06
2491,1.5836143e-06
2492,0.020958161
2493,0.003293926
2494,0.0011558585
2495,7.055933e-05
2496,1.36164235e-05
2497,4.5643184e-05
2498,3.2992175e-05
2499,1.2455089e-05
2500,2.1219632e-06
2501,3.632341e-10
2502,7.870803e-07
2503,1.7012632e-06
2504,2.0954124e-06
2505,2.113842e-06
2506,1.985524e-06
2507,1.8424306e-06
2508,1.7328083e-06
2509,1.6629342e-06
2510,1.6242037e-06
2511,1.6055969e-06
2512,1.5981658e-06
2513,1.595972e-06
2514,1.5956426e-06
2515,1.5955777e-06
2516,1.5952127e-06
2517,1.5944736e-06
2518,1.593493e-06
2519,1.5924076e-06
2520,1.5913404e-06
2521,1.5903516e-06
2522,1.5894685e-06
2523,0.0007809294
2524,8.660223e-05
2525,3.9879364e-05
2526,7.134175e-06
2527,4.214381e-07
2528,3.7432828e-11
2529,8.893918e-09
2530,1.8938893e-07
2531,6.047424e-07
2532,1.0590255e-06
2533,1.3938476e-06
2534,1.5774144e-06
2535,1.6487551e-06
2536,1.6584804e-06
2537,1.643347e-06
2538,1.6234128e-06
2539,1.606997e-06
2540,1.5960593e-06
2541,1.5898217e-06
2542,1.5867757e-06
2543,1.5855652e-06
2544,1.5852326e-06
2545,1.5852214e-06
2546,1.5852617e-06
2547,1.5852482e-06
2548,1.5851701e-06
2549,1.585045e-06
2550,1.5848955e-06
2551,1.5847459e-06
2552,1.5846009e-06
2553,1.5844757e-06
2554,1.5843643e-06
2555,1.584266e-06
2556,1.5841812e-06
2557,1.5841098e-06
2558,1.5840451e-06
2559,1.5839915e-06
2560,0.0032664135
2561,0.00035438125
2562,0.00014602515
2563,1.7008342e-05
2564,2.0182068e-08
2565,2.061447e-06
2566,1.4590887e-06
2567,2.229797e-07
2568,0.041691553
2569,0.008316547
2570,0.0027601444
2571,0.000121650955
2572,4.5361834e-05
2573,0.000113761314
2574,0.0014508639
2575,5.6532913e-06
2576,6.564392e-06
2577,1.2536694e-06
2578,9.684006e-08
2579,4.0231214e-08
2580,1.922045e-07
2581,5.6590636e-07
2582,1.0208746e-06
2583,1.3874821e-06
2584,1.604559e-06
2585,1.6965112e-06
2586,1.7133372e-06
2587,1.6964973e-06
2588,1.6707319e-06
2589,1.647412e-06
2590,1.6300169e-06
2591,1.6183263e-06
2592,1.6108748e-06
2593,1.6061362e-06
2594,1.6029489e-06
2595,1.6005832e-06
2596,1.5986388e-06
2597,1.5969197e-06
2598,0.0007807818
2599,8.66459e-05
2600,3.990443e-05
2601,7.1433665e-06
2602,4.2341006e-07
2603,5.567387e-11
2604,9.118406e-09
2605,1.9029137e-07
2606,6.0614707e-07
2607,1.0606393e-06
2608,1.3954559e-06
2609,1.5789003e-06
2610,1.6500758e-06
2611,1.6596338e-06
2612,1.6443521e-06
2613,1.6242828e-06
2614,1.6077547e-06
2615,1.5967181e-06
2616,1.5903964e-06
2617,1.5872805e-06
2618,1.5860073e-06
2619,1.5856189e-06
2620,1.5855586e-06
2621,1.5855542e-06
2622,1.5855051e-06
2623,1.5853933e-06
2624,1.5852415e-06
2625,1.5850696e-06
2626,1.5848955e-06
2627,1.5847347e-06
2628,0.0007810205
2629,0.038077366
2630,0.009440127
2631,0.002803536
2632,9.2215094e-05
2633,6.468697e-05
2634,0.00013306117
2635,8.784745e-05
2636,3.34707e-05
2637,6.799841e-06
2638,1.6771193e-07
2639,7.197151e-07
2640,2.0373586e-06
2641,2.5733568e-06
2642,2.5190943e-06
2643,2.2606982e-06
2644,2.007714e-06
2645,1.8251627e-06
2646,1.7130216e-06
2647,1.6522862e-06
2648,1.6234239e-06
2649,1.6117707e-06
2650,1.607993e-06
2651,1.6069476e-06
2652,1.6062553e-06
2653,1.605116e-06
2654,1.603463e-06
2655,1.6014988e-06
2656,1.5994507e-06
2657,1.5974866e-06
2658,1.595692e-06
2659,1.594102e-06
2660,1.592723e-06
2661,1.5915305e-06
2662,1.5905016e-06
2663,1.5896138e-06
2664,1.5888447e-06
2665,1.5881744e-06
2666,1.5875911e-06
2667,0.013354669
2668,0.0018314358
2669,1.0914431e-05
2670,0.00022482286
2671,5.3283516e-06
2672,0.022397215
2673,0.00258496
2674,9.279124e-09
2675,0.00019078329
2676,2.6995222e-08
2677,3.367745e-05
2678,0.0012524156
2679,1.2535511e-05
2680,7.836035e-06
2681,9.0373834e-07
2682,1.4636018e-09
2683,1.692605e-09
2684,7.188232e-08
2685,4.2204954e-07
2686,9.1579795e-07
2687,1.3331816e-06
2688,1.5854982e-06
2689,1.6943129e-06
2690,1.7161191e-06
2691,1.6988308e-06
2692,1.671085e-06
2693,0.00077967095
2694,0.00039537033
2695,0.0002074975
2696,5.7284746e-05
2697,3.6926883e-06
2698,4.1907228e-07
2699,1.2988137e-06
2700,4.7709995e-07
2701,1.0600907e-10
2702,3.291354e-07
2703,9.353552e-07
2704,1.409143e-06
2705,1.6542925e-06
2706,1.7311046e-06
2707,0.00077802205
2708,8.732325e-05
2709,0.0005229035
2710,0.00011492481
2711,3.1550986e-05
2712,1.8790985e-06
2713,2.5789097e-07
2714,6.195332e-07
2715,1.2735492e-07
2716,5.1501573e-08
2717,5.0754386e-07
2718,1.0673779e-06
2719,1.462e-06
2720,0.04127092
2721,0.008423274
2722,0.0027761336
2723,0.000120990655
2724,4.618114e-05
2725,0.000114854905
2726,7.955693e-05
2727,3.1152264e-05
2728,6.500745e-06
2729,1.7819374e-07
2730,6.591715e-07
2731,1.9347642e-06
2732,0.00076334586
2733,0.0003836079
2734,0.00021393612
2735,5.9317463e-05
2736,3.9710753e-06
2737,3.7400451e-07
2738,1.2581496e-06
2739,4.6336083e-07
2740,1.0788243e-11
2741,3.3624175e-07
2742,0.00079706864
2743,8.535231e-05
2744,4.0307492e-05
2745,7.4681307e-06
2746,0.16660403
2747,0.098891765
2748,0.1712381
2749,0.03053555
2750,0.00011772909
2751,0.00038351986
2752,0.00045117064
2753,0.00022925637
2754,0.015599218
2755,0.001476709
2756,0.0006490565
2757,7.0428396e-05
2758,3.3152537e-07
2759,1.0956694e-05
2760,8.917869e-06
2761,2.7440599e-06
2762,0.0008724339
2763,7.503722e-05
2764,3.9012055e-05
2765,8.209773e-06
2766,8.427929e-07
2767,6.722042e-08
2768,9.009325e-08
2769,3.4968747e-07
2770,7.9786986e-07
2771,1.2442184e-06
2772,1.5558012e-06
2773,1.7154407e-06
2774,1.7666389e-06
2775,1.7600786e-06
2776,1.7315481e-06
2777,1.7002549e-06
2778,1.6740066e-06
2779,1.6544476e-06
2780,1.6406317e-06
2781,0.00077999895
2782,8.68665e-05
2783,0.0005234362
2784,0.00034179134
2785,0.00018689115
2786,0.0005279496
2787,0.00041815086
2788,0.0001329046
2789,2.1891807e-05
2790,1.5277685e-08
2791,3.3638191e-06
2792,2.9166004e-06
2793,7.89631e-07
2794,5.077955e-10
2795,4.001837e-07
2796,1.0761125e-06
2797,1.5477672e-06
2798,1.7546156e-06
2799,1.791381e-06
2800,1.754451e-06
2801,1.7011638e-06
2802,0.00077945204
2803,8.687734e-05
2804,0.00052364083
2805,0.000114736926
2806,0.0005565811
2807,8.796439e-05
2808,1.9766483e-05
2809,0.00081840786
2810,4.9894097e-05
2811,1.6402726e-05
2812,1.067464e-06
2813,1.01420156e-07
2814,2.1550392e-07
2815,5.338441e-09
2816,1.7790342e-07
2817,6.797301e-07
2818,1.1807256e-06
2819,1.5085274e-06
2820,1.6609408e-06
2821,1.700729e-06
2822,1.6877132e-06
2823,1.6590765e-06
2824,1.632268e-06
2825,0.00078039546
2826,8.669701e-05
2827,3.9911218e-05
2828,0.00070400396
2829,7.515413e-05
2830,2.522305e-05
2831,0.0007670857
2832,0.00045555207
2833,0.00015933329
2834,3.8457776e-05
2835,1.2026073e-06
2836,1.12151e-06
2837,1.6845414e-06
2838,5.154181e-07
2839,2.698517e-10
2840,3.7567318e-07
2841,1.0016001e-06
2842,1.4645676e-06
2843,1.6893864e-06
2844,1.7492523e-06
2845,1.7303885e-06
2846,1.6883815e-06
2847,1.6492946e-06
2848,0.007455174
2849,0.0008977776
2850,0.000112320544
2851,0.00018467187
2852,1.3095885e-05
2853,0.00096099393
2854,0.0005982816
2855,0.000109055654
2856,2.5196669e-05
2857,3.5795054e-07
2858,1.4072027e-06
2859,1.5900678e-06
2860,3.984267e-07
2861,9.947005e-09
2862,4.5516032e-07
2863,1.0815422e-06
2864,1.5184031e-06
2865,1.7186846e-06
2866,0.0074457373
2867,0.0009009913
2868,0.00034756254
2869,3.1436593e-05
2870,1.2479369e-06
2871,9.309732e-06
2872,6.899628e-06
2873,2.0858702e-06
2874,8.881402e-08
2875,2.820299e-07
2876,1.0508023e-06
2877,1.6052443e-06
2878,1.833341e-06
2879,1.8561179e-06
2880,1.7964304e-06
2881,1.7239937e-06
2882,1.666277e-06
2883,1.6285138e-06
2884,1.607159e-06
2885,1.5967069e-06
2886,1.5924164e-06
2887,1.591063e-06
2888,0.000780883
2889,8.662177e-05
2890,3.989355e-05
2891,7.1403147e-06
2892,4.2288752e-07
2893,5.117727e-11
2894,9.069704e-09
2895,1.9009572e-07
2896,6.058365e-07
2897,1.0602704e-06
2898,1.395081e-06
2899,1.5785483e-06
2900,1.6497592e-06
2901,1.6593575e-06
2902,1.644111e-06
2903,1.6240725e-06
2904,0.0007805122
2905,0.00039585543
2906,0.00020722496
2907,0.03876078
2908,0.008540892
2909,0.0024952574
2910,0.00042348407
2911,2.6005947e-07
2912,4.4841618e-05
2913,5.9337774e-05
2914,3.5441728e-05
2915,1.2079155e-05
2916,1.7544523e-06
2917,2.3900812e-08
2918,9.970249e-07
2919,0.000773927
2920,9.125546e-05
2921,4.281645e-05
2922,8.054968e-06
2923,5.743469e-07
2924,5.214529e-09
2925,1.7822847e-08
2926,2.1080871e-07
2927,6.3008497e-07
2928,1.084783e-06
2929,0.00078479515
2930,8.6711014e-05
2931,4.030207e-05
2932,7.3267747e-06
2933,4.599102e-07
2934,7.1880657e-10
2935,1.1701737e-08
2936,1.9742488e-07
2937,6.1443666e-07
2938,1.0683821e-06
2939,1.4024108e-06
2940,1.5852237e-06
2941,1.655869e-06
2942,1.6649198e-06
2943,1.6491193e-06
2944,1.6285364e-06
2945,1.611514e-06
2946,1.6000158e-06
2947,1.5932759e-06
2948,1.5897928e-06
2949,1.5881946e-06
2950,1.5875241e-06
2951,1.587218e-06
2952,1.5870013e-06
2953,1.5867668e-06
2954,1.5864965e-06
2955,1.5862017e-06
2956,1.5859091e-06
2957,1.58563e-06
2958,1.5853755e-06
2959,0.030267049
2960,0.001982864
2961,0.033346493
2962,0.015468462
2963,0.00265619
2964,1.0995697e-06
2965,0.00022083036
2966,0.00024978595
2967,0.0001354908
2968,4.5169905e-05
2969,7.716593e-06
2970,4.9825644e-08
2971,1.2986964e-06
2972,2.8800023e-06
2973,3.2674475e-06
2974,2.968332e-06
2975,2.5185034e-06
2976,2.1489593e-06
2977,1.9041238e-06
2978,1.7614245e-06
2979,1.6866377e-06
2980,1.6514655e-06
2981,1.6366524e-06
2982,1.6306961e-06
2983,1.6276089e-06
2984,1.6248025e-06
2985,1.6215242e-06
2986,1.6178142e-06
2987,1.6139619e-06
2988,1.6102313e-06
2989,1.6067993e-06
2990,1.6037392e-06
2991,1.6010703e-06
2992,1.59876e-06
2993,1.5967718e-06
2994,1.5950536e-06
2995,1.5935691e-06
2996,1.5922866e-06
2997,1.5911726e-06
2998,1.5902041e-06
2999,1.5893613e-06
3000,1.5886258e-06
3001,1.5879888e-06
3002,1.5874325e-06
3003,1.5869477e-06
3004,1.5865255e-06
3005,1.586157e-06
3006,1.5858353e-06
3007,1.5855496e-06
3008,1.5853085e-06
3009,1.5850942e-06
3010,1.5849066e-06
3011,1.5847459e-06
3012,1.5846053e-06
3013,1.5844803e-06
3014,1.5843732e-06
3015,1.5842794e-06
3016,1.5841969e-06
3017,1.5841209e-06
3018,1.5840584e-06
3019,1.5840004e-06
3020,1.5839513e-06
3021,1.5839112e-06
3022,1.5838755e-06
3023,1.5838419e-06
3024,1.5838151e-06
3025,1.5837884e-06
3026,1.5837683e-06
3027,1.5837483e-06
3028,1.5837304e-06
3029,1.583717e-06
3030,1.5837059e-06
3031,0.57469404
3032,0.5732723
3033,0.26357514
3034,0.06688608
3035,0.0007905676
3036,0.048073344
3037,0.004018372
3038,0.0010642033
3039,2.0911113e-05
3040,4.0245457e-05
3041,6.014048e-05
3042,0.0040858476
3043,0.00021827735
3044,0.000110623376
3045,1.6968912e-05
3046,3.1474033e-07
3047,0.030897917
3048,0.0051611564
3049,0.0017421045
3050,8.761488e-05
3051,2.6469948e-05
3052,7.253036e-05
3053,5.0356564e-05
3054,1.8883504e-05
3055,3.3562355e-06
3056,4.5763953e-09
3057,9.0913244e-07
3058,2.0445407e-06
3059,2.4943372e-06
3060,2.4601645e-06
3061,2.2511738e-06
3062,2.0377938e-06
3063,1.8772612e-06
3064,1.7732162e-06
3065,1.7119888e-06
3066,1.6782217e-06
3067,0.020949477
3068,0.0032968307
3069,0.0011569916
3070,7.080529e-05
3071,1.3505916e-05
3072,4.544166e-05
3073,3.283148e-05
3074,1.2366767e-05
3075,2.0903635e-06
3076,0.02131582
3077,0.0032486524
3078,0.0011617068
3079,7.4060124e-05
3080,1.2301425e-05
3081,4.3880216e-05
3082,3.2015585e-05
3083,1.2093527e-05
3084,2.0370182e-06
3085,1.2759457e-09
3086,8.052331e-07
3087,1.7204726e-06
3088,2.1137027e-06
3089,2.1311382e-06
3090,2.0016082e-06
3091,1.85706e-06
3092,1.7458719e-06
3093,0.12192147
3094,0.028467184
3095,0.01421909
3096,0.00037909238
3097,0.00018018066
3098,0.00035869965
3099,0.00023379424
3100,9.078913e-05
3101,2.0034058e-05
3102,0.007853792
3103,0.00087696
3104,0.00036746863
3105,3.997485e-05
3106,2.58446e-07
3107,6.824553e-06
3108,5.469166e-06
3109,1.6042917e-06
3110,3.685442e-08
3111,3.5440627e-07
3112,1.1390672e-06
3113,1.686078e-06
3114,1.9058688e-06
3115,1.9217678e-06
3116,1.8557097e-06
3117,1.7769869e-06
3118,1.7131445e-06
3119,1.6695976e-06
3120,1.6429469e-06
3121,1.6277559e-06
3122,1.619301e-06
3123,1.6143359e-06
3124,1.6109356e-06
3125,1.6081505e-06
3126,1.6055902e-06
3127,1.6031554e-06
3128,1.600855e-06
3129,1.5987354e-06
3130,1.5968211e-06
3131,1.5951251e-06
3132,0.0007808198
3133,8.6634114e-05
3134,3.989755e-05
3135,7.1408167e-06
3136,4.2285984e-07
3137,5.0242838e-11
3138,9.0561985e-09
3139,1.9004392e-07
3140,6.0576605e-07
3141,1.0602047e-06
3142,1.3950265e-06
3143,1.5785082e-06
3144,1.6497297e-06
3145,1.6593348e-06
3146,1.6440927e-06
3147,1.6240567e-06
3148,1.6075592e-06
3149,1.5965455e-06
3150,1.5902467e-06
3151,1.5871532e-06
3152,1.5858935e-06
3153,1.5855228e-06
3154,1.5854738e-06
3155,1.5854805e-06
3156,1.585438e-06
3157,1.5853376e-06
3158,1.5851903e-06
3159,0.0007810109
3160,8.6578795e-05
3161,3.9866038e-05
3162,7.129326e-06
3163,4.2039576e-07
3164,2.922773e-11
3165,8.775745e-09
3166,1.8890847e-07
3167,6.0399253e-07
3168,1.0581607e-06
3169,1.3929852e-06
3170,1.5766129e-06
3171,1.6480401e-06
3172,1.6578571e-06
3173,1.6428061e-06
3174,1.6229407e-06
3175,1.6065857e-06
3176,0.007456917
3177,0.0008974248
3178,0.0003461333
3179,3.119425e-05
3180,1.2755038e-06
3181,9.35569e-06
3182,6.9269295e-06
3183,2.097587e-06
3184,9.088914e-08
3185,2.787435e-07
3186,1.0450208e-06
3187,1.59876e-06
3188,1.8271132e-06
3189,1.8505438e-06
3190,1.7915994e-06
3191,1.7198495e-06
3192,0.0074523827
3193,0.00089828926
3194,0.0003463437
3195,3.1219253e-05
3196,1.2720595e-06
3197,0.12497899
3198,0.0022736276
3199,0.026249943
3200,0.0012414781
3201,0.00013509163
3202,0.00043614834
3203,0.00031845097
3204,0.00013500906
3205,3.3988388e-05
3206,2.8991344e-06
3207,0.021119572
3208,0.0033565266
3209,0.0012112907
3210,8.183662e-05
3211,1.0511711e-05
3212,4.171044e-05
3213,3.0802203e-05
3214,1.15847415e-05
3215,1.8876453e-06
3216,5.873078e-09
3217,8.660482e-07
3218,1.7953514e-06
3219,2.1857215e-06
3220,2.1945812e-06
3221,0.013314496
3222,0.00024000467
3223,0.0019168796
3224,0.00026566116
3225,3.814842e-07
3226,4.191538e-05
3227,4.308462e-05
3228,2.058892e-05
3229,5.1468837e-06
3230,2.5549934e-07
3231,3.695973e-07
3232,1.4152624e-06
3233,2.0279083e-06
3234,2.1627745e-06
3235,2.0648602e-06
3236,1.912482e-06
3237,1.7831169e-06
3238,1.6953448e-06
3239,1.6438859e-06
3240,1.6174173e-06
3241,1.6056575e-06
3242,1.6013192e-06
3243,1.6000113e-06
3244,1.5994932e-06
3245,1.5988497e-06
3246,1.5978632e-06
3247,1.5966037e-06
3248,0.10239873
3249,0.08507765
3250,0.12721206
3251,0.02240766
3252,7.219727e-05
3253,0.0004035762
3254,0.33235544
3255,0.58457804
3256,0.25391603
3257,0.038967114
3258,0.0016030828
3259,0.0049115866
3260,1.5129151e-05
3261,3.1875028e-05
3262,2.7617352e-05
3263,9.599979e-06
3264,4.66914e-07
3265,1.3138928e-06
3266,4.7970498e-06
3267,6.717052e-06
3268,0.0007082237
3269,0.00010928738
3270,5.169037e-05
3271,1.1018471e-05
3272,1.2899911e-06
3273,1.4473687e-07
3274,0.0008303362
3275,7.582323e-05
3276,3.632983e-05
3277,6.8227005e-06
3278,5.1483005e-07
3279,1.6073555e-08
3280,4.9893746e-08
3281,3.0450255e-07
3282,7.6581773e-07
3283,1.2272403e-06
3284,1.5470392e-06
3285,1.7088511e-06
3286,1.7594599e-06
3287,1.751866e-06
3288,1.722804e-06
3289,0.0007786848
3290,8.7173714e-05
3291,4.0164967e-05
3292,0.0007031494
3293,7.538782e-05
3294,2.5334673e-05
3295,2.306631e-06
3296,1.8689649e-08
3297,1.9055601e-07
3298,1.1386802e-08
3299,1.409277e-07
3300,6.1755e-07
3301,1.1256697e-06
3302,1.4737024e-06
3303,1.644302e-06
3304,1.6954511e-06
3305,1.6878814e-06
3306,1.6610574e-06
3307,1.6343122e-06
3308,1.6143607e-06
3309,1.601748e-06
3310,1.5947356e-06
3311,1.591271e-06
3312,1.5897278e-06
3313,1.5890528e-06
3314,1.5886794e-06
3315,1.588342e-06
3316,0.02095766
3317,0.0032941038
3318,0.0011559308
3319,7.0574315e-05
3320,1.3610017e-05
3321,4.5631827e-05
3322,3.2983215e-05
3323,1.2450186e-05
3324,2.1202031e-06
3325,3.8323925e-10
3326,7.878655e-07
3327,1.7022554e-06
3328,2.0963646e-06
3329,0.0007701378
3330,8.94329e-05
3331,4.1091065e-05
3332,7.419725e-06
3333,0.0008139107
3334,6.462018e-05
3335,2.647957e-05
3336,3.503993e-06
3337,4.0607688e-08
3338,3.851074e-08
3339,1.1496989e-09
3340,1.9591026e-07
3341,6.5385103e-07
3342,1.126746e-06
3343,0.030285472
3344,0.00019230155
3345,0.0051992857
3346,0.00054034585
3347,1.1124433e-05
3348,0.00012717859
3349,0.00011526615
3350,5.4563992e-05
3351,1.5094322e-05
3352,1.5257374e-06
3353,1.6456134e-07
3354,1.5409204e-06
3355,2.4345677e-06
3356,2.5794507e-06
3357,2.371567e-06
3358,2.1028036e-06
3359,1.8889245e-06
3360,0.00077745126
3361,8.7204484e-05
3362,4.0078314e-05
3363,7.1845734e-06
3364,4.3179477e-07
3365,0.45119902
3366,0.4855958
3367,0.25912443
3368,0.027989099
3369,0.00034790867
3370,9.053461e-06
3371,0.00024567806
3372,0.00021061476
3373,8.3601495e-05
3374,1.3811234e-05
3375,4.2091443e-08
3376,5.7755037e-06
3377,1.0666107e-05
3378,1.103986e-05
3379,9.055267e-06
3380,6.763587e-06
3381,4.986965e-06
3382,3.8111789e-06
3383,3.0863068e-06
3384,2.650221e-06
3385,2.385542e-06
3386,2.2182503e-06
3387,0.05391384
3388,0.012396547
3389,0.004003915
3390,0.01093391
3391,0.0010002991
3392,0.011308847
3393,0.00134387
3394,0.00021737468
3395,2.6369842e-06
3396,0.10805131
3397,0.027543867
3398,0.008675264
3399,0.00020081476
3400,0.00016490876
3401,0.00029643625
3402,0.00018814774
3403,7.132169e-05
3404,1.5060505e-05
3405,0.0008984155
3406,8.131206e-05
3407,4.628386e-05
3408,1.1163831e-05
3409,1.5313489e-06
3410,1.9238178e-07
3411,1.4556922e-07
3412,3.7787188e-07
3413,7.879788e-07
3414,1.2075167e-06
3415,1.5106625e-06
3416,1.6739309e-06
3417,1.7331165e-06
3418,0.0032597396
3419,0.00035627934
3420,0.00014691269
3421,1.723233e-05
3422,1.4565301e-08
3423,2.0106775e-06
3424,1.4225762e-06
3425,2.1073954e-07
3426,7.0306434e-08
3427,6.2850944e-07
3428,1.2292389e-06
3429,1.5983968e-06
3430,1.7447336e-06
3431,0.12189847
3432,0.028480206
3433,0.014223693
3434,0.00037920818
3435,0.00018020989
3436,0.00035877494
3437,0.00023385571
3438,0.0046160026
3439,0.00016599066
3440,9.851841e-05
3441,1.6145174e-05
3442,2.940185e-07
3443,3.811294e-07
3444,2.7336395e-07
3445,1.9420413e-10
3446,3.1790688e-07
3447,9.347809e-07
3448,1.4538059e-06
3449,1.7407142e-06
3450,1.8383267e-06
3451,0.030234203
3452,0.005448519
3453,0.0018450251
3454,9.4948315e-05
3455,2.6878726e-05
3456,0.04543546
3457,0.0067348555
3458,0.0022212754
3459,8.303042e-05
3460,5.07584e-05
3461,0.0001105596
3462,7.392695e-05
3463,2.806392e-05
3464,5.5124574e-06
3465,8.882301e-08
3466,7.738272e-07
3467,0.003247452
3468,0.0003674205
3469,0.00015366293
3470,1.8888424e-05
3471,1.1804155e-13
3472,1.8184849e-06
3473,1.3336083e-06
3474,1.9234756e-07
3475,7.67732e-08
3476,6.4168853e-07
3477,1.244711e-06
3478,1.6149465e-06
3479,1.7613493e-06
3480,1.7765544e-06
3481,1.7388172e-06
3482,1.6918511e-06
3483,1.6534239e-06
3484,1.627394e-06
3485,1.6118428e-06
3486,1.6034203e-06
3487,1.5991502e-06
3488,1.5969646e-06
3489,1.5956538e-06
3490,1.5946147e-06
3491,0.041280672
3492,0.0039091706
3493,0.0036875762
3494,0.00021049018
3495,0.0012670752
3496,1.3924649e-05
3497,2.4312083e-05
3498,2.2567501e-05
3499,1.1439468e-05
3500,2.9678583e-06
3501,1.1093208e-07
3502,0.003341579
3503,0.00034945595
3504,0.00014872524
3505,1.8452185e-05
3506,0.0008522855
3507,4.445139e-05
3508,1.5215473e-05
3509,1.0610137e-06
3510,6.9711504e-08
3511,0.013741315
3512,0.0017160702
3513,0.0006313435
3514,4.505268e-05
3515,5.6856343e-06
3516,2.3170516e-05
3517,1.678777e-05
3518,5.859646e-06
3519,6.973768e-07
3520,8.914091e-08
3521,9.3606894e-07
3522,1.665494e-06
3523,1.9682311e-06
3524,1.9869685e-06
3525,1.894151e-06
3526,1.7878037e-06
3527,1.7049243e-06
3528,0.00077955576
3529,8.684422e-05
3530,3.9964954e-05
3531,7.1584363e-06
3532,0.0008152331
3533,6.446627e-05
3534,2.6449237e-05
3535,3.5007242e-06
3536,4.0297394e-08
3537,3.8988617e-08
3538,1.0428147e-09
3539,1.9430927e-07
3540,0.00080648967
3541,8.2874474e-05
3542,0.006618466
3543,4.740401e-06
3544,0.0006682529
3545,7.572789e-05
3546,1.5681588e-06
3547,1.994887e-05
3548,1.733765e-05
3549,6.9156654e-06
3550,0.0009150601
3551,0.11716322
3552,0.04245439
3553,0.10883491
3554,0.0027700607
3555,0.004390245
3556,4.8334914e-05
3557,0.00020354579
3558,0.00028913308
3559,0.00016869092
3560,5.767864e-05
3561,9.528522e-06
3562,1.2604342e-08
3563,0.00076907186
3564,0.00036314465
3565,0.00023425613
3566,6.8593465e-05
3567,5.867916e-06
3568,9.687041e-08
3569,8.3793077e-07
3570,2.8896258e-07
3571,9.918905e-09
3572,4.3269017e-07
3573,1.0724219e-06
3574,1.5507932e-06
3575,1.7874363e-06
3576,1.8505052e-06
3577,1.827118e-06
3578,1.7761055e-06
3579,1.7263926e-06
3580,1.6879229e-06
3581,1.6613841e-06
3582,1.6441223e-06
3583,1.6330112e-06
3584,0.00078011694
3585,8.683854e-05
3586,0.002712883
3587,0.0004095404
3588,0.00012757341
3589,7.758864e-06
3590,1.6332831e-06
3591,4.78557e-06
3592,2.6306097e-06
3593,4.2853014e-07
3594,4.1655284e-08
3595,0.003319561
3596,0.0003496024
3597,0.00014693092
3598,1.7705408e-05
3599,4.1352037e-09
3600,1.901048e-06
3601,1.3719416e-06
3602,2.0319052e-07
3603,7.050877e-08
3604,0.00080748316
3605,8.369825e-05
3606,3.99174e-05
3607,7.4551776e-06
3608,5.091166e-07
3609,3.2012284e-09
3610,1.6379856e-08
3611,2.0730373e-07
3612,0.068676054
3613,0.0053597763
3614,0.003916414
3615,0.00077163294
3616,3.2150667e-05
3617,0.00022190124
3618,0.00019089888
3619,8.967635e-05
3620,2.537654e-05
3621,0.4535212
3622,0.6153938
3623,0.23311985
3624,0.06628486
3625,0.00069263886
3626,0.00024823582
3627,0.00038756084
3628,0.0001967053
3629,4.7905334e-05
3630,0.013949632
3631,0.0018835036
3632,0.00078373257
3633,0.00039359258
3634,0.06513048
3635,0.035872914
3636,0.033183582
3637,0.010667801
3638,1.7952923e-05
3639,0.0004084041
3640,0.00045835806
3641,0.00024439377
3642,7.956929e-05
3643,1.2802467e-05
3644,2.6005704e-08
3645,2.5655088e-06
3646,5.079575e-06
3647,0.067884885
3648,0.0055259676
3649,0.008497662
3650,0.00040714192
3651,8.6297805e-05
3652,0.00024634044
3653,0.0001776622
3654,7.396037e-05
3655,1.7885433e-05
3656,1.2655419e-06
3657,4.7467663e-07
3658,2.3709035e-06
3659,3.2606395e-06
3660,3.1805673e-06
3661,2.751607e-06
3662,2.3316643e-06
3663,2.0293758e-06
3664,0.00077552494
3665,8.768749e-05
3666,4.0332176e-05
3667,7.276506e-06
3668,4.5230198e-07
3669,0.00085132214
3670,6.627597e-05
3671,3.0371539e-05
3672,0.2740241
3673,0.6750757
3674,0.25672555
3675,0.013529504
3676,0.005455165
3677,3.4260836e-06
3678,0.00032345176
3679,0.00028048223
3680,0.00011434225
3681,0.6291061
3682,0.058099575
3683,0.07767851
3684,0.0019046097
3685,0.00018779827
3686,0.7048878
3687,0.5749076
3688,0.26238883
3689,0.06467017
3690,0.4563392
3691,0.11721385
3692,0.042773176
3693,0.00045394982
3694,0.0003000629
3695,0.0004412278
3696,0.00023787003
3697,6.967136e-05
3698,6.869301e-06
3699,1.0196495e-06
3700,7.801495e-06
3701,1.1078256e-05
3702,1.0219579e-05
3703,7.89583e-06
3704,5.7531306e-06
3705,4.2470347e-06
3706,3.3061442e-06
3707,2.7480814e-06
3708,2.4214485e-06
3709,2.2264107e-06
3710,0.030200556
3711,0.0054593976
3712,0.0018490839
3713,9.587637e-05
3714,2.6330821e-05
3715,0.0014340095
3716,0.0008176434
3717,0.011724293
3718,0.002119276
3719,0.0005998337
3720,1.9930903e-05
3721,1.9328476e-05
3722,0.0041694636
3723,0.00015643077
3724,6.595613e-05
3725,4.7763206e-06
3726,6.9987203e-07
3727,2.2659244e-06
3728,0.00091422704
3729,6.0500402e-05
3730,3.0382651e-05
3731,5.5626206e-06
3732,3.6075048e-07
3733,4.853868e-09
3734,0.08518745
3735,0.06565999
3736,0.09861477
3737,0.016323218
3738,3.2339318e-05
3739,0.00041917717
3740,0.00046519228
3741,0.00024178826
3742,7.508274e-05
3743,1.0546364e-05
3744,0.0008433561
3745,9.843901e-05
3746,5.631573e-05
3747,0.0070213843
3748,9.807051e-07
3749,0.0006708086
3750,0.0024173728
3751,0.00027672984
3752,4.0584855e-05
3753,1.0073993e-06
3754,1.2793893e-05
3755,1.1113698e-05
3756,4.1778935e-06
3757,4.812944e-07
3758,1.0549181e-07
3759,9.070236e-07
3760,1.6148001e-06
3761,0.08448523
3762,0.009065108
3763,0.010173238
3764,0.012277974
3765,0.00091739924
3766,0.0014164781
3767,0.00010933888
3768,0.0048558703
3769,6.341946e-05
3770,2.422123e-05
3771,1.9382026e-07
3772,2.3636367e-06
3773,2.5879701e-06
3774,7.4274345e-07
3775,2.975459e-12
3776,4.5718562e-07
3777,0.0007900372
3778,8.75763e-05
3779,0.0065888637
3780,0.0009925215
3781,0.000317393
3782,1.8286359e-05
3783,4.807744e-06
3784,1.3929192e-05
3785,8.893751e-06
3786,2.5126926e-06
3787,1.0243865e-07
3788,3.1565827e-07
3789,1.1458299e-06
3790,1.7129889e-06
3791,1.9219497e-06
3792,1.9189147e-06
3793,0.00077560375
3794,0.064252004
3795,0.018881464
3796,0.00556963
3797,0.00014442479
3798,0.001616654
3799,5.4609773e-05
3800,5.088499e-05
3801,3.3596603e-05
3802,1.3723769e-05
3803,2.7991111e-06
3804,2.0055802e-08
3805,6.590146e-07
3806,1.6886925e-06
3807,2.2044512e-06
3808,2.2743566e-06
3809,2.1441297e-06
3810,0.06835301
3811,0.001871242
3812,0.0215735
3813,0.0018518873
3814,0.00126875
3815,0.0016313151
3816,2.3152807e-05
3817,0.34736013
3818,0.0653087
3819,0.047031943
3820,0.0009731325
3821,0.00023561253
3822,0.0004784779
3823,0.00029701862
3824,0.00010529276
3825,1.8268023e-05
3826,7.4185394e-08
3827,3.455457e-06
3828,0.007216626
3829,0.0009890962
3830,0.00038861338
3831,3.9860024e-05
3832,4.268498e-07
3833,7.488444e-06
3834,5.777895e-06
3835,1.6351239e-06
3836,2.8659255e-08
3837,4.0375102e-07
3838,0.0007892237
3839,8.8142e-05
3840,4.1891955e-05
3841,7.983506e-06
3842,0.0008083482
3843,6.590412e-05
3844,2.7071475e-05
3845,3.6567847e-06
3846,5.336977e-08
3847,3.008909e-08
3848,2.7515024e-09
3849,2.100701e-07
3850,6.760975e-07
3851,1.152308e-06
3852,1.4801653e-06
3853,0.0007796965
3854,8.740931e-05
3855,0.0005221109
3856,0.000115323994
3857,3.1718206e-05
3858,1.9084819e-06
3859,0.042000085
3860,0.0036307352
3861,0.0034941076
3862,0.0001913657
3863,0.0012817441
3864,0.032035135
3865,0.0044351397
3866,0.0013122516
3867,3.429318e-05
3868,4.882995e-05
3869,8.7848086e-05
3870,5.511472e-05
3871,1.9546107e-05
3872,3.2839828e-06
3873,9.914117e-10
3874,9.4955584e-07
3875,2.043856e-06
3876,2.4420578e-06
3877,2.380073e-06
3878,2.1656806e-06
3879,1.958873e-06
3880,1.8090088e-06
3881,1.7157776e-06
3882,1.6640275e-06
3883,1.6380819e-06
3884,0.007454845
3885,0.00089814834
3886,0.00034652167
3887,0.0027895218
3888,0.00026422727
3889,5.6492805e-05
3890,8.533138e-08
3891,6.867496e-06
3892,7.677634e-06
3893,3.1807872e-06
3894,3.870165e-07
3895,8.9626006e-08
3896,7.920374e-07
3897,1.4495799e-06
3898,1.781739e-06
3899,1.8631646e-06
3900,1.8248297e-06
3901,1.754005e-06
3902,1.6905203e-06
3903,1.6458508e-06
3904,1.6188678e-06
3905,1.6045387e-06
3906,0.0074567697
3907,0.00089755235
3908,0.00034622906
3909,0.0067286952
3910,0.00074543303
3911,0.00019342343
3912,3.260588e-06
3913,1.2066636e-05
3914,1.8276729e-05
3915,9.814368e-06
3916,0.0009466096
3917,6.058852e-05
3918,3.2584703e-05
3919,6.555158e-06
3920,5.552148e-07
3921,0.003394043
3922,0.034851726
3923,0.010501178
3924,0.0027884925
3925,6.360932e-05
3926,8.777317e-05
3927,0.00015281334
3928,9.615749e-05
3929,3.553718e-05
3930,6.963673e-06
3931,1.4065422e-07
3932,8.1237926e-07
3933,2.1778374e-06
3934,2.690354e-06
3935,2.5952324e-06
3936,0.00076659454
3937,0.0003893818
3938,0.00020987946
3939,5.785884e-05
3940,3.7576885e-06
3941,4.0747562e-07
3942,1.2831223e-06
3943,4.67845e-07
3944,1.1540621e-11
3945,3.3705663e-07
3946,9.4804625e-07
3947,1.4234362e-06
3948,1.668143e-06
3949,1.7435718e-06
3950,1.7335016e-06
3951,1.6951187e-06
3952,1.6566768e-06
3953,1.6279778e-06
3954,0.76544595
3955,0.16493666
3956,0.070219696
3957,0.001722626
3958,0.00013891225
3959,0.0003847238
3960,0.00023993656
3961,7.812141e-05
3962,9.681674e-06
3963,4.334954e-07
3964,6.6774073e-06
3965,1.0354805e-05
3966,9.855869e-06
3967,7.698425e-06
3968,5.6127788e-06
3969,4.1262756e-06
3970,3.1969703e-06
3971,0.0032243228
3972,0.0015458093
3973,0.00089910236
3974,0.00020655096
3975,0.0007264582
3976,2.5357627e-05
3977,1.5577946e-06
3978,0.0009256279
3979,0.2403467
3980,0.09180015
3981,0.030188646
3982,0.0005665164
3983,0.00023522096
3984,0.018941155
3985,0.0005383711
3986,0.00021380662
3987,8.182816e-06
3988,7.372084e-06
3989,1.3965576e-05
3990,7.3411284e-06
3991,1.4442345e-06
3992,0.04176719
3993,0.003851871
3994,5.398482e-06
3995,0.0010190646
3996,7.241214e-06
3997,8.399855e-05
3998,0.03459497
3999,0.003991465
4000,0.0013782121
4001,6.04998e-05
4002,2.9643765e-05
4003,7.0364156e-05
4004,4.740817e-05
4005,1.7450542e-05
4006,3.0150024e-06
4007,1.2031577e-09
4008,0.00079863856
4009,8.928552e-05
4010,0.00051109155
4011,0.00012051263
4012,3.374796e-05
4013,2.244458e-06
4014,1.8267849e-07
4015,5.422363e-07
4016,0.10341655
4017,0.0134708565
4018,0.013260251
4019,0.00046150744
4020,0.00014753622
4021,0.00033991688
4022,0.00023167941
4023,9.332349e-05
4024,2.1824368e-05
4025,1.4185596e-06
4026,6.439448e-07
4027,2.9048922e-06
4028,0.00733789
4029,0.00093703123
4030,0.00010332114
4031,0.00019158197
4032,1.409867e-05
4033,2.9461867e-06
4034,9.953908e-06
4035,6.535701e-06
4036,1.778596e-06
4037,3.920179e-08
4038,3.676045e-07
4039,1.1592301e-06
4040,1.692499e-06
4041,1.8950126e-06
4042,1.8996852e-06
4043,1.8292903e-06
4044,1.750782e-06
4045,1.6893702e-06
4046,1.648978e-06
4047,1.6254334e-06
4048,1.6129753e-06
4049,1.606806e-06
4050,1.6037101e-06
4051,1.6018444e-06
4052,0.000780672
4053,8.668185e-05
4054,3.992668e-05
4055,0.003106589
4056,0.03469686
4057,0.005273551
4058,0.0032321876
4059,0.002670969
4060,0.00013148795
4061,0.0014042496
4062,0.0011836827
4063,3.4547584e-06
4064,2.4061842e-07
4065,4.9811138e-06
4066,5.212505e-06
4067,2.0491516e-06
4068,1.6600319e-07
4069,1.7766492e-07
4070,9.2066443e-07
4071,0.013357647
4072,0.18010251
4073,0.09289887
4074,0.010502946
4075,0.0011317187
4076,0.00011369188
4077,0.0003887161
4078,0.00028576833
4079,0.0048048277
4080,0.0057167592
4081,0.0014703351
4082,0.0004162966
4083,1.864359e-05
4084,8.525239e-06
4085,1.9715631e-05
4086,1.183042e-05
4087,3.2123169e-06
4088,1.2382453e-07
4089,3.9192784e-07
4090,1.3739113e-06
4091,1.9982954e-06
4092,0.08443501
4093,5.8400063e-05
4094,0.020086465
4095,0.0012847955
4096,8.0967344e-05
4097,0.0003650418
4098,0.0002862128
4099,0.00012754646
4100,0.015052271
4101,0.00010338521
4102,0.0011133751
4103,0.00013993631
4104,5.4670534e-07
4105,2.444706e-05
4106,0.014797115
4107,0.0014492807
4108,0.00054721144
4109,3.7505397e-05
4110,5.9140116e-06
4111,2.1770133e-05
4112,0.0038844903
4113,0.00019652798
4114,0.00033228626
4115,6.550571e-05
4116,7.562221e-07
4117,0.055525597
4118,0.011511259
4119,0.0036756732
4120,0.00012628119
4121,7.4972704e-05
4122,0.00015921598
4123,0.000106289
4124,4.1143e-05
4125,8.685645e-06
4126,2.9293582e-07
4127,7.023955e-07
4128,2.1685025e-06
4129,2.770096e-06
4130,0.007391574
4131,0.0009151899
4132,0.0003525122
4133,3.2192485e-05
4134,1.1688458e-06
4135,9.171861e-06
4136,6.8099293e-06
4137,0.031209772
4138,0.0018345437
4139,0.0025411258
4140,0.00018136045
4141,2.0698782e-05
4142,0.0014875117
4143,1.5625888e-07
4144,8.356337e-08
4145,9.230191e-07
4146,0.0035213477
4147,0.00029222615
4148,0.0022439386
4149,0.0004480366
4150,0.00010313208
4151,1.6378098e-06
4152,0.0010029234
4153,2.5333067e-05
4154,9.22977e-06
4155,4.60827e-07
4156,1.16350606e-07
4157,0.05475822
4158,4.8796617e-05
4159,0.0056409463
4160,0.0013825616
4161,8.73372e-06
4162,0.00022383333
4163,0.00021742943
4164,0.00010951461
4165,3.37017e-05
4166,4.8330858e-06
4167,5.6109366e-09
4168,1.5633104e-06
4169,2.909482e-06
4170,3.1457682e-06
4171,2.822215e-06
4172,2.4029437e-06
4173,2.0718555e-06
4174,0.013330884
4175,0.00018625407
4176,0.0011606638
4177,0.00012784377
4178,2.2382965e-06
4179,3.1241474e-05
4180,2.7887148e-05
4181,0.0010660241
4182,4.1943975e-05
4183,2.4896468e-05
4184,5.083389e-06
4185,4.4754063e-07
4186,3.2013077e-08
4187,7.8731226e-08
4188,3.3856244e-07
4189,7.6698507e-07
4190,1.183201e-06
4191,1.4713331e-06
4192,1.6211654e-06
4193,1.6740893e-06
4194,1.675815e-06
4195,1.6579576e-06
4196,0.0032640116
4197,0.000107452724
4198,0.00040811114
4199,7.805313e-05
4200,0.0032986382
4201,0.00023289099
4202,6.876908e-05
4203,2.0206498e-06
4204,2.899124e-06
4205,4.746876e-06
4206,0.0079356115
4207,0.0007910919
4208,0.00031414136
4209,2.8154402e-05
4210,1.2828151e-06
4211,8.8087345e-06
4212,6.4040637e-06
4213,1.870188e-06
4214,6.103296e-08
4215,3.1427493e-07
4216,1.0820752e-06
4217,1.6229044e-06
4218,1.8415642e-06
4219,1.8604062e-06
4220,1.7998736e-06
4221,1.727679e-06
4222,1.6703216e-06
4223,0.0007799607
4224,8.677272e-05
4225,3.993941e-05
4226,7.1510985e-06
4227,4.251322e-07
4228,8.0693584e-11
4229,9.443144e-09
4230,0.34067422
4231,0.07041185
4232,0.20293072
4233,0.032940604
4234,9.146417e-05
4235,0.00038759212
4236,0.00042856176
4237,0.00020536664
4238,5.2088497e-05
4239,3.1052832e-06
4240,2.3256678e-06
4241,9.097637e-06
4242,1.1257224e-05
4243,9.722255e-06
4244,7.240374e-06
4245,5.1842285e-06
4246,3.818296e-06
4247,2.997614e-06
4248,2.5264906e-06
4249,2.2593201e-06
4250,2.104586e-06
4251,2.0090208e-06
4252,1.9434588e-06
4253,1.8930798e-06
4254,1.8510432e-06
4255,1.8145438e-06
4256,1.7825392e-06
4257,1.7546038e-06
4258,1.7304329e-06
4259,1.7096856e-06
4260,1.6919641e-06
4261,1.676862e-06
4262,1.6639955e-06
4263,1.6530089e-06
4264,1.643613e-06
4265,1.6355524e-06
4266,1.628627e-06
4267,1.622658e-06
4268,1.6175097e-06
4269,1.6130609e-06
4270,1.6092098e-06
4271,1.6058776e-06
4272,1.6029915e-06
4273,1.6004846e-06
4274,1.5983094e-06
4275,1.59642e-06
4276,1.5947782e-06
4277,1.5933498e-06
4278,1.5921077e-06
4279,1.5910249e-06
4280,1.5900811e-06
4281,1.5892583e-06
4282,1.5885431e-06
4283,1.5879197e-06
4284,1.5873744e-06
4285,1.5868965e-06
4286,1.5864853e-06
4287,1.5861236e-06
4288,1.5858064e-06
4289,1.5855318e-06
4290,1.5852905e-06
4291,1.5850808e-06
4292,1.5848955e-06
4293,1.5847326e-06
4294,1.5845898e-06
4295,1.584469e-06
4296,1.5843619e-06
4297,1.5842683e-06
4298,1.5841833e-06
4299,1.5841142e-06
4300,1.5840495e-06
4301,1.583996e-06
4302,1.5839513e-06
4303,1.5839067e-06
4304,1.5838709e-06
4305,1.5838375e-06
4306,1.5838085e-06
4307,1.583784e-06
4308,1.5837616e-06
4309,1.5837459e-06
4310,1.5837304e-06
4311,1.5837147e-06
4312,1.5837036e-06
4313,1.5836923e-06
4314,1.5836835e-06
4315,1.5836746e-06
4316,1.5836679e-06
4317,1.5836612e-06
4318,1.5836545e-06
4319,1.58365e-06
4320,1.5836432e-06
4321,1.5836412e-06
4322,1.5836388e-06
4323,1.5836367e-06
4324,1.5836343e-06
4325,1.5836323e-06
4326,1.5836299e-06
4327,1.5836277e-06
4328,1.5836255e-06
4329,1.5836255e-06
4330,1.5836232e-06
4331,1.5836255e-06
4332,1.5836232e-06
4333,1.5836188e-06
4334,1.5836188e-06
4335,1.5836188e-06
4336,1.5836165e-06
4337,1.5836188e-06
4338,1.5836188e-06
4339,1.5836188e-06
4340,1.5836188e-06
4341,1.5836165e-06
4342,1.5836165e-06
4343,1.5836165e-06
4344,1.5836165e-06
4345,1.5836165e-06
4346,1.5836165e-06
4347,1.5836165e-06
4348,1.5836165e-06
4349,1.5836143e-06
4350,1.5836143e-06
4351,0.030267261
4352,0.69162107
4353,0.21047302
4354,0.06838156
4355,0.0014290322
4356,0.00015315066
4357,0.0003729835
4358,0.00022319991
4359,6.876506e-05
4360,7.11937e-06
4361,9.54804e-07
4362,7.811374e-06
4363,1.1226842e-05
4364,1.0384276e-05
4365,8.002507e-06
4366,5.796921e-06
4367,4.2490155e-06
4368,3.2866667e-06
4369,2.7202611e-06
4370,2.3924792e-06
4371,2.1998671e-06
4372,2.080525e-06
4373,1.9996467e-06
4374,1.9389054e-06
4375,1.88939e-06
4376,1.8471127e-06
4377,1.8104138e-06
4378,1.7785451e-06
4379,1.7510306e-06
4380,1.7274203e-06
4381,1.7072566e-06
4382,1.6900639e-06
4383,1.6754088e-06
4384,1.6628954e-06
4385,1.6521905e-06
4386,1.6430062e-06
4387,1.6351034e-06
4388,1.6283012e-06
4389,1.6224233e-06
4390,1.617343e-06
4391,1.6129461e-06
4392,1.6091356e-06
4393,1.6058306e-06
4394,1.6029646e-06
4395,1.6004735e-06
4396,0.0007807165
4397,8.666426e-05
4398,3.991478e-05
4399,7.1471113e-06
4400,4.2421007e-07
4401,6.413683e-11
4402,9.211605e-09
4403,1.906675e-07
4404,6.0674085e-07
4405,1.0613298e-06
4406,1.3961494e-06
4407,1.5795488e-06
4408,1.6506566e-06
4409,1.6601456e-06
4410,1.6447977e-06
4411,1.6246715e-06
4412,1.608092e-06
4413,1.5970115e-06
4414,1.5906513e-06
4415,1.587504e-06
4416,1.5862017e-06
4417,1.5857886e-06
4418,0.00078099564
4419,8.658488e-05
4420,0.081648014
4421,0.6075235
4422,0.22737026
4423,0.06635227
4424,0.0011192234
4425,0.00018347135
4426,0.00037778253
4427,0.00021500154
4428,6.234517e-05
4429,5.233405e-06
4430,1.6512128e-06
4431,9.116779e-06
4432,1.22788215e-05
4433,0.000669843
4434,0.000119938464
4435,5.581073e-05
4436,0.0006630797
4437,8.482502e-05
4438,2.9096453e-05
4439,3.1894854e-06
4440,6.1083143e-09
4441,6.50593e-08
4442,2.4449471e-09
4443,2.602729e-07
4444,8.1329216e-07
4445,1.346692e-06
4446,0.041265734
4447,0.16376166
4448,0.11784086
4449,0.028323064
4450,0.00025324975
4451,0.0003280281
4452,0.0004604108
4453,0.00025860732
4454,8.51471e-05
4455,1.3128832e-05
4456,4.503585e-12
4457,3.4980374e-06
4458,6.446113e-06
4459,6.5136687e-06
4460,5.281749e-06
4461,0.030010693
4462,0.09329136
4463,0.06799489
4464,0.014737964
4465,9.48629e-05
4466,0.0003394455
4467,0.00043659864
4468,0.00024438053
4469,0.0014680416
4470,0.00062759494
4471,0.00016367639
4472,0.006359815
4473,0.0009939189
4474,0.00014272532
4475,0.00013798701
4476,5.1568372e-06
4477,6.4245646e-06
4478,1.2294774e-05
4479,6.965482e-06
4480,1.6604392e-06
4481,1.2075664e-08
4482,4.823123e-07
4483,1.3187023e-06
4484,0.0007757313
4485,8.951482e-05
4486,4.169292e-05
4487,7.717187e-06
4488,5.232465e-07
4489,3.1523546e-09
4490,1.652839e-08
4491,2.1149971e-07
4492,6.34901e-07
4493,1.0920185e-06
4494,1.4267196e-06
4495,1.6084967e-06
4496,1.6771605e-06
4497,1.6838661e-06
4498,1.6657228e-06
4499,1.642981e-06
4500,0.00078014995
4501,0.006131133
4502,0.0005410312
4503,0.0013881973
4504,0.00019873948
4505,3.0177276e-07
4506,3.2572967e-05
4507,3.3399294e-05
4508,0.0010999301
4509,3.6969817e-05
4510,2.2543101e-05
4511,4.553304e-06
4512,3.8669447e-07
4513,2.8518935e-08
4514,8.132161e-08
4515,3.474836e-07
4516,7.7734256e-07
4517,1.1898495e-06
4518,1.4729361e-06
4519,1.6189828e-06
4520,1.6699641e-06
4521,1.6711423e-06
4522,1.6535241e-06
4523,1.6334101e-06
4524,0.0074554496
4525,0.0008978262
4526,0.0015841973
4527,0.2526104
4528,0.10597331
4529,0.032963034
4530,0.00053272763
4531,0.094893515
4532,5.08891e-05
4533,0.04687475
4534,0.8883
4535,0.23876382
4536,0.068121254
4537,0.00095005403
4538,0.0002171858
4539,0.0003879314
4540,0.00020929295
4541,5.6298402e-05
4542,3.3915103e-06
4543,2.911996e-06
4544,1.1426649e-05
4545,1.440552e-05
4546,1.2614447e-05
4547,9.436008e-06
4548,6.70554e-06
4549,4.8429224e-06
4550,3.6958813e-06
4551,3.0183057e-06
4552,2.619729e-06
4553,2.3787545e-06
4554,2.2241095e-06
4555,2.116181e-06
4556,2.0340897e-06
4557,1.9674621e-06
4558,1.9113959e-06
4559,1.8635517e-06
4560,1.8226482e-06
4561,1.7877918e-06
4562,1.7581947e-06
4563,1.7331212e-06
4564,0.00077825127
4565,8.737416e-05
4566,4.0314117e-05
4567,7.2915004e-06
4568,4.553374e-07
4569,8.216042e-10
4570,0.0690301
4571,0.9581244
4572,0.23626286
4573,0.074029155
4574,0.0014773997
4575,0.00014815431
4576,0.00035639296
4577,0.00020631816
4578,5.90141e-05
4579,4.409831e-06
4580,2.1341627e-06
4581,1.0118478e-05
4582,1.3291643e-05
4583,1.1853773e-05
4584,8.9566265e-06
4585,6.4042697e-06
4586,0.013148496
4587,0.0018855131
4588,0.00068919116
4589,5.2610514e-05
4590,4.4781236e-06
4591,2.1687176e-05
4592,1.5865531e-05
4593,5.393098e-06
4594,5.536389e-07
4595,0.030572468
4596,0.0018781748
4597,0.0072696228
4598,0.0008656395
4599,5.846619e-06
4600,0.00014825747
4601,0.0001431842
4602,7.059705e-05
4603,2.0695463e-05
4604,2.51587e-06
4605,7.384672e-08
4606,0.00078262057
4607,9.3211595e-05
4608,4.510085e-05
4609,8.949925e-06
4610,7.5282566e-07
4611,1.9991564e-08
4612,3.0052803e-08
4613,2.3117599e-07
4614,6.489121e-07
4615,1.0996011e-06
4616,1.4318074e-06
4617,1.6139281e-06
4618,1.6837325e-06
4619,1.6912445e-06
4620,1.6732887e-06
4621,1.650233e-06
4622,1.6306938e-06
4623,1.6168152e-06
4624,1.6079189e-06
4625,1.602529e-06
4626,1.599269e-06
4627,1.5971594e-06
4628,1.595609e-06
4629,1.5943147e-06
4630,1.5931483e-06
4631,1.5920651e-06
4632,1.591063e-06
4633,1.5901504e-06
4634,1.5893368e-06
4635,0.00078093127
4636,0.00039599158
4637,0.00020719599
4638,5.717389e-05
4639,3.6696783e-06
4640,4.2610108e-07
4641,1.310191e-06
4642,4.833844e-07
4643,2.0596688e-10
4644,3.2505034e-07
4645,0.0007975837
4646,8.519377e-05
4647,4.021053e-05
4648,7.430437e-06
4649,4.897769e-07
4650,1.8172365e-09
4651,1.3683019e-08
4652,2.004041e-07
4653,6.14363e-07
4654,1.0648037e-06
4655,1.3969582e-06
4656,1.5794998e-06
4657,0.0074531855
4658,0.054225508
4659,0.02263019
4660,0.0055410643
4661,7.650893e-05
4662,0.00017801154
4663,0.00026776452
4664,0.00016139126
4665,0.0013604258
4666,0.052490704
4667,0.013107477
4668,0.004001656
4669,0.00012775273
4670,8.2539955e-05
4671,0.005099024
4672,0.18621472
4673,0.070108786
4674,0.021727908
4675,0.0003635284
4676,0.0020344907
4677,0.00017492818
4678,0.00012695095
4679,6.305308e-05
4680,1.9040795e-05
4681,2.1506e-06
4682,0.27590105
4683,0.6744175
4684,0.25705627
4685,0.06887154
4686,0.00096315687
4687,0.00019720763
4688,0.00036379657
4689,0.00019418771
4690,5.0040784e-05
4691,2.3143318e-06
4692,3.711064e-06
4693,1.2391473e-05
4694,0.0029737707
4695,0.0004488212
4696,0.00019060464
4697,2.8214135e-05
4698,4.7488555e-07
4699,0.0009022895
4700,5.25547e-05
4701,2.4272738e-05
4702,3.911924e-06
4703,1.954459e-07
4704,4.666202e-09
4705,7.3531425e-08
4706,4.0519794e-07
4707,9.228794e-07
4708,1.3915666e-06
4709,1.687748e-06
4710,0.003256153
4711,0.0003581429
4712,0.0001480424
4713,0.24236389
4714,0.0013687953
4715,0.0744998
4716,0.0011057296
4717,1.2812386e-05
4718,0.0003760912
4719,0.0003493529
4720,0.00016690287
4721,4.6056473e-05
4722,4.4919425e-06
4723,0.102742895
4724,0.41166332
4725,0.21816896
4726,0.058548782
4727,6.1056465e-07
4728,7.16762e-05
4729,0.0020638178
4730,3.725824e-05
4731,1.1046949e-05
4732,0.00794391
4733,0.1446768
4734,0.05698606
4735,0.5637037
4736,0.25604847
4737,0.063607104
4738,0.00065406144
4739,0.0002465749
4740,0.00038078672
4741,0.00019299136
4742,4.7048514e-05
4743,1.641713e-06
4744,4.535378e-06
4745,1.3473804e-05
4746,1.5860347e-05
4747,1.346038e-05
4748,9.8977835e-06
4749,6.964736e-06
4750,5.001231e-06
4751,3.802667e-06
4752,3.096446e-06
4753,2.6799396e-06
4754,2.4263516e-06
4755,2.2620743e-06
4756,0.04119835
4757,0.003929353
4758,0.0036974603
4759,0.07699894
4760,1.533858e-06
4761,0.015777731
4762,0.0007668226
4763,0.00013539918
4764,0.0061062872
4765,2.6397386e-09
4766,0.007704789
4767,0.0006919859
4768,0.00021257736
4769,7.724864e-06
4770,6.94981e-06
4771,1.339552e-05
4772,7.3840483e-06
4773,1.6785596e-06
4774,5.9435465e-09
4775,5.48817e-07
4776,0.013370094
4777,0.7438083
4778,0.20387822
4779,0.06980182
4780,0.0016089586
4781,0.00013775451
4782,0.00036839623
4783,0.00022552002
4784,7.108666e-05
4785,7.86522e-06
4786,7.56404e-07
4787,7.4046334e-06
4788,1.0922845e-05
4789,1.0215855e-05
4790,7.920805e-06
4791,5.7578573e-06
4792,4.2283627e-06
4793,3.2736464e-06
4794,2.7106066e-06
4795,2.3846303e-06
4796,2.193281e-06
4797,2.0750115e-06
4798,0.0007724546
4799,8.905578e-05
4800,4.126586e-05
4801,7.641163e-06
4802,5.3426334e-07
4803,6.0893424e-09
4804,2.4710252e-08
4805,0.007591094
4806,0.45082274
4807,0.16430587
4808,0.054848738
4809,0.0011202984
4810,0.00018291746
4811,0.00040608598
4812,0.00024875274
4813,8.317822e-05
4814,1.1851221e-05
4815,9.0690904e-08
4816,5.0171498e-06
4817,8.503133e-06
4818,8.364667e-06
4819,6.6617954e-06
4820,4.933845e-06
4821,3.6827037e-06
4822,2.8972083e-06
4823,2.437255e-06
4824,2.1765213e-06
4825,2.0289665e-06
4826,1.942003e-06
4827,1.8857235e-06
4828,0.03023259
4829,0.005449232
4830,0.0018457928
4831,9.525813e-05
4832,2.6668944e-05
4833,7.5614065e-05
4834,0.0013334244
4835,1.1662741e-05
4836,9.63684e-06
4837,1.767799e-06
4838,1.1822715e-07
4839,2.5627898e-08
4840,1.4571879e-07
4841,4.9610276e-07
4842,9.566432e-07
4843,0.06848176
4844,0.7415319
4845,0.22913268
4846,0.014106351
4847,0.0065617226
4848,0.122647226
4849,0.88551897
4850,0.23775153
4851,0.06781186
4852,0.00093735306
4853,0.0002158078
4854,0.00038481443
4855,0.0002070667
4856,5.5349603e-05
4857,3.222626e-06
4858,3.0184506e-06
4859,0.012864692
4860,0.025311876
4861,0.08373365
4862,0.030530753
4863,0.024615021
4864,0.00024223301
4865,0.00036376857
4866,0.00051502656
4867,0.00029649487
4868,0.000102231614
4869,1.7887442e-05
4870,1.3686669e-07
4871,2.7737008e-06
4872,5.945123e-06
4873,6.2924782e-06
4874,5.2051637e-06
4875,3.965134e-06
4876,3.0392107e-06
4877,2.4556634e-06
4878,2.119639e-06
4879,1.9370095e-06
4880,1.8411766e-06
4881,1.7905148e-06
4882,1.7611516e-06
4883,1.7406908e-06
4884,1.7235373e-06
4885,1.7076899e-06
4886,1.6927761e-06
4887,1.6789706e-06
4888,1.6664876e-06
4889,0.030257443
4890,0.0019849848
4891,0.0026059325
4892,0.0002461435
4893,9.495132e-06
4894,2.3000437e-05
4895,4.7958518e-05
4896,3.339588e-05
4897,1.2732506e-05
4898,2.2370311e-06
4899,2.559051e-11
4900,7.7644546e-07
4901,1.7210915e-06
4902,0.0032431597
4903,0.00036262049
4904,0.00014991546
4905,1.784579e-05
4906,0.103261836
4907,0.003129429
4908,0.01859823
4909,0.00085520936
4910,0.00013068398
4911,0.0003860556
4912,0.0002790924
4913,0.0047975793
4914,0.00014137446
4915,8.7635955e-05
4916,1.4234031e-05
4917,2.2432314e-07
4918,3.6932568e-07
4919,2.3926597e-07
4920,2.1932096e-09
4921,3.4520647e-07
4922,9.621476e-07
4923,1.4703052e-06
4924,1.7470674e-06
4925,0.00077559554
4926,8.834792e-05
4927,4.0813124e-05
4928,0.003100921
4929,0.00033142138
4930,0.000116197894
4931,8.9493e-06
4932,7.814473e-07
4933,3.372337e-06
4934,1.9007474e-06
4935,2.631814e-07
4936,7.4599896e-08
4937,6.7469557e-07
4938,0.030309277
4939,0.001985295
4940,0.0013329567
4941,0.001766798
4942,0.00010392585
4943,3.7041274e-05
4944,0.00010419707
4945,7.643273e-05
4946,3.1402902e-05
4947,7.0138663e-06
4948,2.7662978e-07
4949,5.362366e-07
4950,1.7969652e-06
4951,0.00076483464
4952,9.231586e-05
4953,4.2803666e-05
4954,7.935359e-06
4955,5.398253e-07
4956,2.9043479e-09
4957,1.46765835e-08
4958,0.007597732
4959,6.699854e-08
4960,0.0007037094
4961,0.00010090511
4962,2.0029193e-08
4963,0.105633765
4964,0.6299621
4965,0.23207621
4966,0.06691119
4967,0.0010917225
4968,0.00018742082
4969,0.00037737002
4970,0.00021255983
4971,6.061428e-05
4972,4.7379535e-06
4973,1.9121753e-06
4974,9.603246e-06
4975,1.2713199e-05
4976,1.13599945e-05
4977,8.592108e-06
4978,6.1534915e-06
4979,4.475989e-06
4980,0.007355019
4981,0.0032762222
4982,0.002296398
4983,0.000457598
4984,4.158295e-06
4985,0.00409244
4986,0.00011539884
4987,3.60655e-05
4988,3.7327396e-07
4989,3.1249788e-06
4990,0.12419928
4991,0.78388655
4992,0.24303377
4993,0.07076711
4994,0.0012041013
4995,0.00017338643
4996,0.00036435304
4997,0.00020411701
4998,0.0013485313
4999,0.012286097
5000,0.0023041605
5001,0.0008026026
5002,6.3347434e-05
5003,3.2280861e-06
5004,1.9118592e-05
5005,1.3423257e-05
5006,3.94337e-06
5007,1.7811965e-07
5008,4.4769246e-07
5009,1.6536198e-06
5010,2.4239878e-06
5011,2.633878e-06
5012,2.530946e-06
5013,2.3299858e-06
5014,0.24505657
5015,0.002473861
5016,0.08839571
5017,0.009686382
5018,1.16721085e-05
5019,0.0026638887
5020,0.00018601811
5021,8.63826e-05
5022,2.974043e-05
5023,4.834382e-06
5024,1.1644835e-08
5025,2.0817172e-06
5026,4.1114263e-06
5027,4.615708e-06
5028,4.1733983e-06
5029,3.479086e-06
5030,2.874026e-06
5031,2.4431608e-06
5032,2.1655187e-06
5033,1.9959148e-06
5034,1.8943632e-06
5035,1.8324215e-06
5036,0.00325726
5037,0.000356999
5038,0.000147361
5039,1.7399747e-05
5040,9.902487e-09
5041,0.003577031
5042,0.00026589498
5043,0.000108043845
5044,1.0495705e-05
5045,2.4962222e-07
5046,0.0009435821
5047,4.6820285e-05
5048,2.18034e-05
5049,3.1846926e-06
5050,7.547034e-08
5051,7.180395e-09
5052,1.7231498e-08
5053,2.6122277e-07
5054,7.232593e-07
5055,1.1757404e-06
5056,1.4822263e-06
5057,0.003264108
5058,0.0047267615
5059,0.0016872932
5060,0.0004172007
5061,1.1180278e-05
5062,1.6072778e-05
5063,2.8520259e-05
5064,1.6727312e-05
5065,4.946371e-06
5066,3.887272e-07
5067,2.0977113e-07
5068,0.0032886448
5069,0.20104499
5070,0.19157997
5071,0.21965924
5072,0.046633687
5073,0.00033694037
5074,0.0003078618
5075,0.00041696394
5076,0.04798887
5077,0.0064607887
5078,0.0023669144
5079,0.00013674708
5080,2.2338876e-05
5081,7.3886076e-05
5082,5.1398078e-05
5083,1.8369314e-05
5084,0.0079694465
5085,0.0034601435
5086,0.0022635597
5087,0.00046763752
5088,5.637223e-06
5089,2.789687e-05
5090,3.9764658e-05
5091,2.1661795e-05
5092,6.085768e-06
5093,4.3724535e-07
5094,2.765925e-07
5095,0.16622487
5096,0.609117
5097,0.16609456
5098,0.06700159
5099,0.0007164451
5100,0.00027721326
5101,0.00043391786
5102,0.0002275104
5103,6.0428287e-05
5104,3.6648225e-06
5105,2.9527955e-06
5106,1.1610548e-05
5107,0.12017344
5108,0.03996784
5109,0.0069852495
5110,0.0006194903
5111,9.576601e-05
5112,0.00029919195
5113,0.005360675
5114,0.13847423
5115,0.050274234
5116,0.015024857
5117,0.0002628195
5118,0.00022975943
5119,0.00038048084
5120,0.00023227824
5121,8.477193e-05
5122,1.6673743e-05
5123,4.161364e-07
5124,0.10241659
5125,0.007853049
5126,0.016066262
5127,0.000656189
5128,0.00013460948
5129,0.0003569734
5130,0.00025097665
5131,0.000103215105
5132,0.0011685705
5133,4.4568013e-05
5134,3.4386943e-05
5135,1.0168612e-05
5136,2.0093853e-06
5137,0.0008126835
5138,7.4629e-05
5139,3.3919103e-05
5140,5.7953926e-06
5141,3.1086057e-07
5142,2.352657e-10
5143,2.2438831e-08
5144,2.535196e-07
5145,7.0897966e-07
5146,1.1734879e-06
5147,1.4982344e-06
5148,0.0032627862
5149,0.13017167
5150,0.19402327
5151,0.12906691
5152,0.096103825
5153,0.10879824
5154,0.017191237
5155,3.0152336e-05
5156,0.006083429
5157,1.6670961e-05
5158,1.41667515e-05
5159,1.4033345e-05
5160,6.238374e-06
5161,6.885097e-07
5162,3.3191245e-07
5163,2.175658e-06
5164,0.007346211
5165,0.030180749
5166,0.0151187815
5167,0.026995603
5168,0.0030890235
5169,1.22275e-05
5170,0.000352181
5171,0.00033139208
5172,0.00016419328
5173,5.0144517e-05
5174,0.0037331027
5175,0.0003089633
5176,0.00015145076
5177,2.3444205e-05
5178,3.4272193e-07
5179,7.492435e-07
5180,6.6456846e-07
5181,4.96959e-08
5182,1.6390666e-07
5183,7.6479694e-07
5184,1.3441745e-06
5185,1.6900893e-06
5186,0.007441923
5187,7.1635833e-07
5188,0.0007186432
5189,0.00010266166
5190,1.8233555e-08
5191,1.4207165e-05
5192,1.43965e-05
5193,6.1011997e-06
5194,9.993547e-07
5195,1.8393859e-08
5196,7.192218e-07
5197,1.4837466e-06
5198,1.8665136e-06
5199,1.9462261e-06
5200,1.8859256e-06
5201,1.792454e-06
5202,0.0007782415
5203,8.7112734e-05
5204,4.0056075e-05
5205,7.17443e-06
5206,0.000815177
5207,6.446988e-05
5208,2.6449732e-05
5209,0.0007471687
5210,6.74692e-05
5211,2.3260334e-05
5212,0.007423878
5213,0.123353556
5214,0.02200693
5215,0.0217636
5216,0.0004696805
5217,0.00025074132
5218,0.00045999006
5219,0.0002916773
5220,0.000110964094
5221,2.370122e-05
5222,0.00091317756
5223,8.398113e-05
5224,0.0064845653
5225,0.0071369773
5226,0.003655934
5227,0.00072292384
5228,4.694741e-06
5229,5.3064352e-05
5230,7.050518e-05
5231,0.015146152
5232,0.0014238299
5233,3.1272004e-05
5234,0.00020746604
5235,5.98368e-06
5236,0.16988643
5237,0.055637095
5238,0.018079417
5239,0.00036144067
5240,0.00022352659
5241,0.00039687857
5242,0.0002475444
5243,9.205952e-05
5244,1.8701905e-05
5245,5.807495e-07
5246,1.4384544e-06
5247,4.086059e-06
5248,4.7802705e-06
5249,4.2182687e-06
5250,3.3796177e-06
5251,2.696774e-06
5252,2.245853e-06
5253,1.9794643e-06
5254,1.8336701e-06
5255,1.7584276e-06
5256,1.7206472e-06
5257,1.7006201e-06
5258,1.6878124e-06
5259,1.6773604e-06
5260,1.6675041e-06
5261,1.6579211e-06
5262,1.6487983e-06
5263,1.6403933e-06
5264,1.6328593e-06
5265,1.6262381e-06
5266,1.6205039e-06
5267,1.6155551e-06
5268,1.6113025e-06
5269,1.6076423e-06
5270,1.6044894e-06
5271,1.6017658e-06
5272,1.5994058e-06
5273,0.06842725
5274,0.15509297
5275,0.13885516
5276,0.030767769
5277,0.00020067804
5278,0.0016840881
5279,0.00010370024
5280,9.7267344e-05
5281,5.5251287e-05
5282,1.7610226e-05
5283,1.8652419e-06
5284,3.1771393e-07
5285,2.59459e-06
5286,4.0771424e-06
5287,4.237341e-06
5288,0.020763088
5289,0.19235255
5290,0.015559045
5291,0.056100324
5292,0.0015914133
5293,0.0019234397
5294,0.0002561608
5295,0.0002013334
5296,9.765922e-05
5297,2.7736884e-05
5298,2.6361995e-06
5299,4.7081406e-07
5300,3.4112768e-06
5301,0.0031555393
5302,0.00039174806
5303,0.00016403067
5304,2.1295467e-05
5305,3.4823955e-08
5306,1.4640676e-06
5307,1.0941949e-06
5308,1.2252194e-07
5309,1.2303457e-07
5310,7.4513554e-07
5311,1.3655228e-06
5312,1.7320101e-06
5313,1.8660267e-06
5314,1.866877e-06
5315,1.8157742e-06
5316,1.7573271e-06
5317,1.7093286e-06
5318,1.6753446e-06
5319,1.6531477e-06
5320,1.6391058e-06
5321,1.6300509e-06
5322,1.6237652e-06
5323,1.6189197e-06
5324,1.6148294e-06
5325,0.00078043254
5326,0.0061313193
5327,0.019622792
5328,0.008632867
5329,0.0018048104
5330,1.4601369e-05
5331,0.0001059289
5332,0.000145168
5333,0.009366952
5334,0.0005282262
5335,0.00023378439
5336,2.101237e-05
5337,1.1611572e-06
5338,7.0738693e-06
5339,4.8762513e-06
5340,1.2485492e-06
5341,6.742069e-09
5342,4.313812e-07
5343,1.1898514e-06
5344,1.6862739e-06
5345,1.8744538e-06
5346,1.8799665e-06
5347,1.8157145e-06
5348,1.7433425e-06
5349,1.686336e-06
5350,1.6485433e-06
5351,1.6262766e-06
5352,1.6142728e-06
5353,1.6081369e-06
5354,1.604887e-06
5355,0.053999703
5356,0.0067226104
5357,0.0017631667
5358,0.0005396452
5359,1.7225932e-05
5360,0.0001530743
5361,0.0016747197
5362,4.1664332e-08
5363,6.3903354e-07
5364,2.4876107e-08
5365,8.4272695e-09
5366,0.013620881
5367,0.09517156
5368,0.22866116
5369,0.20266518
5370,0.0046511567
5371,0.004281808
5372,2.0857308e-06
5373,0.00031674068
5374,0.00029807858
5375,0.016504651
5376,0.0012242303
5377,0.0005427143
5378,5.5625453e-05
5379,6.214357e-07
5380,1.0231861e-05
5381,7.678802e-06
5382,0.00093929336
5383,6.18181e-05
5384,0.24076922
5385,0.36387542
5386,0.24260545
5387,0.059490863
5388,0.000654233
5389,0.0002424537
5390,0.011518283
5391,0.00015957978
5392,8.782234e-05
5393,9.737073e-06
5394,1.275059e-09
5395,2.904171e-07
5396,1.8755634e-11
5397,5.905936e-07
5398,1.8529519e-06
5399,2.8723218e-06
5400,3.2994928e-06
5401,3.2666685e-06
5402,3.0170613e-06
5403,2.722698e-06
5404,2.4640572e-06
5405,2.2633544e-06
5406,2.116302e-06
5407,0.0032482212
5408,0.00035935882
5409,0.00028968917
5410,0.0021326386
5411,0.00049786497
5412,0.00010548856
5413,7.6152367e-07
5414,8.749901e-06
5415,1.1066956e-05
5416,0.27874222
5417,0.082162365
5418,0.036102884
5419,0.0007520849
5420,0.0019513943
5421,0.00019169287
5422,0.00014383896
5423,6.9789516e-05
5424,1.9772937e-05
5425,1.7657777e-06
5426,4.5509213e-07
5427,2.8990137e-06
5428,0.05362803
5429,0.00059451076
5430,0.008542639
5431,0.0005890812
5432,0.015331798
5433,1.7965216e-05
5434,0.0015826027
5435,0.2863776
5436,0.11374783
5437,0.03546923
5438,0.000547919
5439,0.00026023996
5440,0.0063268705
5441,7.371282e-08
5442,1.1860035e-06
5443,2.1717904e-07
5444,0.013860176
5445,0.0016688082
5446,0.00061407103
5447,4.5396784e-05
5448,0.055588808
5449,0.010954325
5450,0.0008263178
5451,0.00031230954
5452,2.5131343e-05
5453,0.009844537
5454,0.060286663
5455,0.012429732
5456,9.041709e-05
5457,0.0014709056
5458,3.4482107e-07
5459,0.0001736945
5460,0.00020417167
5461,0.000113316724
5462,3.810621e-05
5463,6.391731e-06
5464,1.9585714e-08
5465,1.3176233e-06
5466,0.0007574899
5467,9.6975724e-05
5468,4.5805067e-05
5469,0.040581815
5470,0.000653499
5471,0.0087045
5472,0.0008110552
5473,2.4487574e-05
5474,0.00020151788
5475,0.00017547449
5476,0.004555596
5477,0.00015735104
5478,8.662986e-05
5479,1.1746759e-05
5480,7.609303e-09
5481,0.069579564
5482,0.016808212
5483,0.017220136
5484,0.010665834
5485,0.0011555313
5486,0.004013518
5487,0.16668873
5488,0.05490682
5489,0.009698218
5490,0.0005040964
5491,0.00017237903
5492,0.0023732467
5493,0.058562968
5494,0.010639179
5495,0.003344907
5496,0.0001058817
5497,0.0014344036
5498,2.0794794e-05
5499,2.4369352e-05
5500,1.9406549e-05
5501,8.736095e-06
5502,0.0035702817
5503,0.00030563783
5504,0.00013582746
5505,1.7451326e-05
5506,0.0034010285
5507,0.00026498028
5508,0.0023642366
5509,0.0014655258
5510,0.00073477346
5511,0.00012061992
5512,3.8893784e-08
5513,1.8780947e-05
5514,1.9662302e-05
5515,8.867091e-06
5516,1.7540507e-06
5517,1.0903581e-09
5518,6.1575923e-07
5519,1.4717978e-06
5520,1.923125e-06
5521,2.0222205e-06
5522,1.9538033e-06
5523,1.8442121e-06
5524,1.7492476e-06
5525,1.683399e-06
5526,0.0007797208
5527,8.6853506e-05
5528,0.0027130588
5529,0.024024468
5530,0.056146923
5531,0.0001686521
5532,0.031132044
5533,0.0012054555
5534,0.025543595
5535,0.007651071
5536,0.0027102355
5537,0.00031576375
5538,1.309993e-05
5539,0.00010413177
5540,9.0712856e-05
5541,4.0973304e-05
5542,1.0193143e-05
5543,6.295889e-07
5544,4.4887977e-07
5545,0.007433932
5546,0.013378292
5547,0.0057548755
5548,0.0012794755
5549,1.769726e-05
5550,6.453483e-05
5551,9.6832286e-05
5552,5.701502e-05
5553,1.9280276e-05
5554,3.0072513e-06
5555,1.724489e-09
5556,1.0495212e-06
5557,2.1211858e-06
5558,2.4732265e-06
5559,2.3803548e-06
5560,0.0032426098
5561,0.0003595834
5562,0.00014782931
5563,1.7331498e-05
5564,1.41355745e-08
5565,2.0130933e-06
5566,1.4240277e-06
5567,2.1038719e-07
5568,7.098042e-08
5569,6.3137355e-07
5570,1.2337001e-06
5571,1.6034294e-06
5572,1.7495995e-06
5573,0.08452214
5574,0.028134607
5575,6.2639025e-05
5576,0.033478994
5577,0.002550484
5578,0.00011084996
5579,0.00051014737
5580,0.00039085222
5581,0.00016911294
5582,4.2794763e-05
5583,0.014089279
5584,0.00017094058
5585,0.0012151191
5586,0.00015278904
5587,3.8205172e-07
5588,0.071719766
5589,0.4024456
5590,0.17386845
5591,0.05545032
5592,0.000711508
5593,0.00025437123
5594,0.00042942123
5595,0.00024001501
5596,7.213521e-05
5597,7.557809e-06
5598,8.364495e-07
5599,7.3888823e-06
5600,1.0626682e-05
5601,9.782339e-06
5602,7.5056564e-06
5603,0.0031451357
5604,0.00038290024
5605,0.00015725584
5606,0.0006142598
5607,6.502033e-05
5608,0.0006500936
5609,0.00043486306
5610,0.00014637489
5611,0.00056467036
5612,7.195784e-05
5613,1.23722875e-05
5614,4.1770445e-09
5615,1.6977989e-06
5616,1.2796116e-06
5617,1.9192395e-07
5618,7.358049e-08
5619,6.382896e-07
5620,1.2538104e-06
5621,1.6377165e-06
5622,0.041249704
5623,0.16376461
5624,0.11784006
5625,0.028326761
5626,0.00025329783
5627,0.00032823332
5628,0.000460754
5629,0.00025887456
5630,8.528904e-05
5631,1.3177632e-05
5632,1.31664575e-11
5633,3.4797176e-06
5634,6.4247447e-06
5635,0.00071059604
5636,0.000107110995
5637,0.019320779
5638,0.03039094
5639,0.020887883
5640,0.0037603937
5641,8.655999e-06
5642,0.00022916133
5643,0.0002727355
5644,0.00015049243
5645,5.092104e-05
5646,8.953769e-06
5647,8.761479e-08
5648,1.314771e-06
5649,0.041087735
5650,0.01256322
5651,0.020927144
5652,0.0027412418
5653,2.2596982e-06
5654,0.00027874703
5655,0.00028121672
5656,0.00014418804
5657,0.023341008
5658,0.0028187963
5659,0.0010822668
5660,7.6684206e-05
5661,8.962802e-06
5662,3.7482936e-05
5663,2.7839758e-05
5664,1.0392686e-05
5665,1.6250705e-06
5666,1.449882e-08
5667,8.8863186e-07
5668,1.7881262e-06
5669,2.163964e-06
5670,2.1734327e-06
5671,2.0406933e-06
5672,0.0032529791
5673,0.004721767
5674,0.0016877096
5675,0.000417036
5676,1.1177059e-05
5677,0.043448742
5678,0.007113214
5679,0.002240051
5680,7.493772e-05
5681,0.12819333
5682,0.03405474
5683,0.025672456
5684,0.020685188
5685,0.0021406834
5686,2.9612462e-05
5687,0.00034851627
5688,0.00030931673
5689,0.0001480295
5690,0.0012793717
5691,0.0027826543
5692,0.0005274165
5693,0.00018361589
5694,1.6239603e-05
5695,0.0008950973
5696,3.6058227e-05
5697,1.21105695e-05
5698,7.042588e-07
5699,9.137252e-08
5700,1.2931785e-07
5701,0.19187272
5702,0.06843043
5703,0.0125194155
5704,0.0011300754
5705,0.006139029
5706,3.8093276e-05
5707,0.0002832732
5708,0.00036633035
5709,0.00020839332
5710,7.172547e-05
5711,1.2689866e-05
5712,1.1812595e-07
5713,1.8835472e-06
5714,4.2199035e-06
5715,4.656593e-06
5716,4.043643e-06
5717,3.249167e-06
5718,2.6234904e-06
5719,2.2150532e-06
5720,1.9743184e-06
5721,1.8418338e-06
5722,1.7721303e-06
5723,1.7354868e-06
5724,1.7144283e-06
5725,1.6997717e-06
5726,1.6873815e-06
5727,1.6758058e-06
5728,0.00077926234
5729,8.709023e-05
5730,4.0156217e-05
5731,7.234687e-06
5732,4.430299e-07
5733,4.2365295e-10
5734,1.1449141e-08
5735,1.99151e-07
5736,0.08483716
5737,0.023474371
5738,0.0074871453
5739,0.00021534336
5740,0.32060298
5741,0.10114694
5742,0.03489865
5743,0.0010895345
5744,2.4090556e-07
5745,0.00015383113
5746,0.4304124
5747,0.1322453
5748,0.04725142
5749,0.0009869223
5750,0.0001938924
5751,0.00041471305
5752,0.00025567648
5753,8.764624e-05
5754,1.3581614e-05
5755,7.227203e-09
5756,4.27544e-06
5757,0.00069769926
5758,0.00033636164
5759,0.00024455437
5760,7.08185e-05
5761,6.163172e-06
5762,7.1477345e-08
5763,7.567063e-07
5764,2.386644e-07
5765,2.2262533e-08
5766,4.9672997e-07
5767,1.1618931e-06
5768,0.0032637133
5769,0.00035857418
5770,0.00028895168
5771,0.005679547
5772,0.0011198488
5773,0.0002737579
5774,4.9803184e-06
5775,1.514473e-05
5776,2.352122e-05
5777,0.056285225
5778,0.15117627
5779,0.1219876
5780,0.027635703
5781,0.00020681907
5782,0.0003457847
5783,0.00046378418
5784,0.048592232
5785,0.46253473
5786,0.18978497
5787,0.056743048
5788,0.00092426024
5789,0.00020754705
5790,0.00040279623
5791,0.0019797026
5792,0.00089713
5793,0.00010178444
5794,0.028240828
5795,0.0057298397
5796,0.0017538836
5797,7.395603e-05
5798,3.2553722e-05
5799,7.675916e-05
5800,5.0643222e-05
5801,1.8014905e-05
5802,2.8403072e-06
5803,0.0008483166
5804,8.324171e-05
5805,0.0026855296
5806,0.0004255415
5807,0.00013533238
5808,9.204343e-06
5809,1.2185749e-06
5810,0.0036574332
5811,0.00017614473
5812,0.00033605416
5813,6.311313e-05
5814,0.003332216
5815,0.17878143
5816,0.07258016
5817,0.022005634
5818,0.00035554788
5819,0.00025876064
5820,0.0004288641
5821,0.0002599836
5822,9.386203e-05
5823,1.796223e-05
5824,3.559048e-07
5825,1.8897022e-06
5826,0.00073091226
5827,0.018407658
5828,0.0040436443
5829,0.0012293786
5830,5.4719818e-05
5831,2.3824217e-05
5832,5.8033016e-05
5833,3.8897888e-05
5834,1.4011737e-05
5835,0.05529219
5836,1.0
5837,0.1562869
5838,0.0741591
5839,0.0011480459
5840,0.00021922024
5841,0.00041815575
5842,0.00023181223
5843,6.513199e-05
5844,4.8494026e-06
5845,2.253694e-06
5846,1.0679112e-05
5847,1.3894109e-05
5848,1.2248705e-05
5849,9.141683e-06
5850,6.4593737e-06
5851,0.020699725
5852,0.21873276
5853,0.119156145
5854,0.03308208
5855,0.0044799764
5856,0.038651686
5857,0.0061022444
5858,0.0011570725
5859,1.8724353e-07
5860,0.00012308055
5861,0.00013666517
5862,7.009544e-05
5863,2.0404716e-05
5864,0.0035868594
5865,0.016396862
5866,0.0047407174
5867,0.0012653645
5868,0.0027292066
5869,0.037460405
5870,0.008406972
5871,0.002049525
5872,2.4068719e-05
5873,0.000105633706
5874,0.00015365168
5875,9.097923e-05
5876,3.187664e-05
5877,5.647045e-06
5878,0.013691745
5879,0.0018088823
5880,0.031766795
5881,0.00011432242
5882,0.047002584
5883,0.31362444
5884,0.007227589
5885,0.17133991
5886,0.019411752
5887,0.0003848552
5888,0.002337945
5889,1.7202021e-07
5890,0.0002382187
5891,0.00024433163
5892,0.00011887753
5893,0.023007505
5894,0.002922892
5895,0.0011252164
5896,8.600624e-05
5897,6.3940065e-06
5898,0.023023067
5899,6.134361e-05
5900,0.0022546283
5901,0.017028559
5902,0.008723359
5903,0.045523718
5904,0.37033263
5905,0.2066348
5906,0.0400934
5907,0.04173381
5908,0.0012313145
5909,0.004336345
5910,0.00014794955
5911,0.000107408756
5912,0.00020990078
5913,0.00013233168
5914,4.6609854e-05
5915,0.03168434
5916,0.04835971
5917,0.038348623
5918,0.043121677
5919,0.023989864
5920,5.016439e-06
5921,0.002051522
5922,0.0005382289
5923,0.007465601
5924,0.00047325832
5925,0.0024977939
5926,0.23157743
5927,0.09244381
5928,0.028342335
5929,0.004474659
5930,0.0024871975
5931,0.027555056
5932,0.0045482228
5933,0.0009164183
5934,1.1228474e-06
5935,9.053063e-05
5936,0.00010639184
5937,5.5875924e-05
5938,1.6518003e-05
5939,1.7936281e-06
5940,0.013552223
5941,0.0018354475
5942,0.0006919825
5943,5.549325e-05
5944,3.8561934e-06
5945,0.087991774
5946,0.16589934
5947,0.03447887
5948,0.056727454
5949,0.0009203092
5950,0.00030154028
5951,0.0005438059
5952,0.00032532576
5953,0.0047549293
5954,0.07784695
5955,0.026476504
5956,0.007496318
5957,0.0001604539
5958,0.00015502395
5959,0.0002682483
5960,0.00016673394
5961,6.138826e-05
5962,1.2143196e-05
5963,0.02148347
5964,0.021692589
5965,0.015953675
5966,0.0028576304
5967,7.707436e-06
5968,0.00018522025
5969,0.00022407068
5970,0.00012387603
5971,4.158014e-05
5972,7.079673e-06
5973,3.7482433e-08
5974,1.276907e-06
5975,0.041112375
5976,2.1798707e-05
5977,0.00673384
5978,0.0011944002
5979,0.00013233567
5980,0.0038246731
5981,6.204739e-05
5982,0.0007577118
5983,0.08244157
5984,0.023341397
5985,0.006714236
5986,0.005777112
5987,0.11314461
5988,0.03768719
5989,0.009558558
5990,0.06418301
5991,0.01177191
5992,0.0023966096
5993,0.0007561718
5994,4.1309788e-05
5995,0.000107843174
5996,9.05582e-05
5997,0.0088645145
5998,1.7335808e-05
5999,0.0006026303
6000,9.331489e-05
6001,0.00084349135
6002,2.175273e-05
6003,2.7615436e-06
6004,0.00089009595
6005,0.0026687363
6006,0.00047262196
6007,0.0110319
6008,0.010412849
6009,0.00619395
6010,0.0009976568
6011,4.922801e-09
6012,0.0001180159
6013,0.0001305339
6014,0.045256007
6015,0.0037124685
6016,0.00036369864
6017,3.1694202e-05
6018,0.0006506437
6019,0.003890997
6020,8.7829985e-06
6021,0.0037810623
6022,0.00012037072
6023,0.0006007712
6024,0.0004919335
6025,0.00037160263
6026,0.00013367877
6027,1.6670521e-05
6028,5.963667e-07
6029,5.306563e-06
6030,3.8809358e-06
6031,9.838104e-07
6032,8.123795e-10
6033,4.5441172e-07
6034,0.00079024775
6035,0.0061263037
6036,0.028621795
6037,0.008695625
6038,0.020456828
6039,0.0020070032
6040,3.1100168e-05
6041,0.096432
6042,0.010441974
6043,0.032378186
6044,0.056040633
6045,0.0039975443
6046,0.019550921
6047,0.040726177
6048,0.040214714
6049,0.032721058
6050,0.0039680214
6051,1.5220135e-05
6052,0.0004094272
6053,0.0003779185
6054,0.00018445794
6055,5.4977845e-05
6056,7.3455785e-06
6057,4.2393946e-08
6058,2.7643616e-06
6059,0.020694533
6060,0.0034042748
6061,0.0011984584
6062,7.668585e-05
6063,1.2005624e-05
6064,4.352e-05
6065,3.1617063e-05
6066,1.17864365e-05
6067,0.02172856
6068,0.0007240484
6069,0.0017547158
6070,0.000275072
6071,0.012493102
6072,0.0014700168
6073,0.024583653
6074,0.0053104535
6075,0.008035403
6076,0.00092937343
6077,0.011191026
6078,0.0011984914
6079,0.0003102458
6080,1.3341429e-05
6081,1.8823965e-05
6082,0.0012954402
6083,0.0031699468
6084,0.00035664995
6085,0.26540837
6086,0.053799774
6087,0.040053025
6088,0.00081260304
6089,0.010692686
6090,1.5820804e-05
6091,1.4877473e-06
6092,2.567394e-05
6093,2.7356415e-05
6094,0.031955305
6095,0.0049721193
6096,0.0017353456
6097,9.472964e-05
6098,2.2506734e-05
6099,6.727466e-05
6100,4.7357626e-05
6101,1.776086e-05
6102,3.0992878e-06
6103,1.1256549e-09
6104,9.3533293e-07
6105,2.0567397e-06
6106,2.4976625e-06
6107,0.02086828
6108,0.10370152
6109,0.011360401
6110,0.62817943
6111,0.21820445
6112,0.06308359
6113,1.9108759e-06
6114,6.653318e-05
6115,0.00026059785
6116,0.00018244126
6117,6.349081e-05
6118,8.12828e-06
6119,4.491483e-07
6120,6.4922433e-06
6121,0.040490694
6122,0.0027458256
6123,0.006628031
6124,0.001957542
6125,2.0113478e-10
6126,0.00019778428
6127,0.00021502777
6128,0.00011329788
6129,3.6036065e-05
6130,5.4108164e-06
6131,8.6407276e-10
6132,1.6059947e-06
6133,3.0928152e-06
6134,3.3886733e-06
6135,3.054359e-06
6136,0.0007614313
6137,0.00038675967
6138,0.00021127812
6139,5.842338e-05
6140,3.8828257e-06
6141,3.7100443e-07
6142,1.2232362e-06
6143,4.355e-07
6144,3.1958053e-10
6145,3.589591e-07
6146,9.796357e-07
6147,1.4568201e-06
6148,0.0007785188
6149,8.794087e-05
6150,0.019501522
6151,0.0075909216
6152,0.0036961748
6153,0.0018012857
6154,9.355238e-06
6155,0.00012857532
6156,0.00016856502
6157,0.0015246499
6158,0.0007317897
6159,0.00034221477
6160,0.00022183447
6161,0.00021077124
6162,0.00023910592
6163,0.00015961545
6164,1.4734794e-05
6165,1.926306e-06
6166,8.305628e-06
6167,5.7075686e-06
6168,0.013941409
6169,0.00029365774
6170,0.0018578928
6171,0.0002623883
6172,2.7432998e-07
6173,0.0012642747
6174,2.0564141e-06
6175,3.34813e-07
6176,4.6602747e-07
6177,8.878999e-07
6178,0.000884117
6179,6.5818494e-05
6180,3.2313877e-05
6181,5.8784663e-06
6182,3.7361204e-07
6183,0.0034051365
6184,0.0003131625
6185,0.0001284077
6186,0.00064872095
6187,5.913577e-05
6188,0.007073681
6189,0.0008296173
6190,0.0002596206
6191,1.1891797e-05
6192,6.297875e-06
6193,1.4450479e-05
6194,8.7195795e-06
6195,2.3472355e-06
6196,7.55834e-08
6197,0.003343252
6198,0.034518514
6199,0.010679806
6200,0.0086039575
6201,0.004039838
6202,0.00036362212
6203,0.0012238312
6204,2.6370308e-05
6205,4.6062116e-05
6206,3.9358772e-05
6207,1.9140041e-05
6208,5.070126e-06
6209,2.958849e-07
6210,0.05432191
6211,0.012336034
6212,0.004011654
6213,0.00028354058
6214,4.3713516e-07
6215,6.2313404e-05
6216,7.830639e-05
6217,4.5532015e-05
6218,1.5347714e-05
6219,2.2763827e-06
6220,1.53712e-08
6221,1.082745e-06
6222,2.1027342e-06
6223,2.44671e-06
6224,2.3685805e-06
6225,2.1561868e-06
6226,1.9555164e-06
6227,1.8106094e-06
6228,1.7201495e-06
6229,1.6694166e-06
6230,1.643413e-06
6231,0.0032642975
6232,0.00010742387
6233,0.00040827462
6234,7.8151774e-05
6235,9.673553e-07
6236,0.0314569
6237,0.2079558
6238,0.0035278404
6239,0.12743111
6240,0.010458233
6241,1.6989929e-05
6242,0.0005058405
6243,0.00042657356
6244,0.00018559987
6245,4.4037384e-05
6246,2.355239e-06
6247,2.0468003e-06
6248,7.4289974e-06
6249,8.953761e-06
6250,0.007199571
6251,0.00096783746
6252,0.00037239096
6253,3.586183e-05
6254,7.555915e-07
6255,8.227345e-06
6256,6.147876e-06
6257,1.7434069e-06
6258,3.685408e-08
6259,3.872427e-07
6260,1.217927e-06
6261,1.7809533e-06
6262,0.013319489
6263,0.0018450225
6264,0.0006765837
6265,0.006484766
6266,1.0116424e-05
6267,0.00039977062
6268,2.3342038e-05
6269,1.0676445e-05
6270,2.8192331e-05
6271,1.9185869e-05
6272,0.055794377
6273,0.045155186
6274,0.05525422
6275,0.0088304095
6276,7.889931e-06
6277,0.00038691369
6278,0.002472764
6279,5.170862e-05
6280,1.1524718e-05
6281,2.9114785e-06
6282,2.46656e-07
6283,1.7931686e-07
6284,1.0734983e-06
6285,1.8827831e-06
6286,0.053887162
6287,0.012422016
6288,0.0040111127
6289,0.00015076273
6290,6.956823e-05
6291,0.00015792869
6292,0.00010701951
6293,4.1778258e-05
6294,8.90476e-06
6295,0.0034776444
6296,0.0003381567
6297,0.00028506856
6298,0.0001579957
6299,2.5936915e-05
6300,2.1619282e-08
6301,2.636329e-06
6302,2.4080232e-06
6303,6.1300165e-07
6304,0.013637284
6305,0.0017783024
6306,0.0006621308
6307,4.9826307e-05
6308,4.9297537e-06
6309,2.2567154e-05
6310,1.6670863e-05
6311,5.8843693e-06
6312,7.1355146e-07
6313,8.449016e-08
6314,9.273873e-07
6315,1.661606e-06
6316,1.9695249e-06
6317,1.9911274e-06
6318,1.899172e-06
6319,1.7925989e-06
6320,0.000778311
6321,0.0003949455
6322,0.0002075828
6323,0.00046816803
6324,9.855615e-05
6325,0.0006214394
6326,6.7525485e-05
6327,1.3639065e-05
6328,4.0674895e-08
6329,1.1969445e-06
6330,1.0233738e-06
6331,0.0008760622
6332,0.011776763
6333,0.0022597783
6334,0.00070275384
6335,3.4805355e-05
6336,1.3035436e-05
6337,3.385455e-05
6338,2.2598764e-05
6339,0.00102305
6340,0.0026405759
6341,0.00052691286
6342,0.00016776417
6343,1.1204026e-05
6344,1.6473344e-06
6345,5.6962417e-06
6346,3.3525623e-06
6347,6.522977e-07
6348,0.0033984575
6349,0.00033522796
6350,0.00014313002
6351,1.7448809e-05
6352,1.8196562e-09
6353,1.8064839e-06
6354,1.2997596e-06
6355,1.831229e-07
6356,7.858352e-08
6357,6.37069e-07
6358,1.2300746e-06
6359,1.5944087e-06
6360,1.7396662e-06
6361,1.756554e-06
6362,1.7215522e-06
6363,0.0032622346
6364,0.00035524482
6365,0.0001463138
6366,1.7060554e-05
6367,1.903719e-08
6368,2.0518967e-06
6369,1.4516664e-06
6370,2.2022333e-07
6371,6.579318e-08
6372,6.168632e-07
6373,0.021003367
6374,0.003293933
6375,0.001159946
6376,7.152347e-05
6377,1.3318364e-05
6378,4.529073e-05
6379,3.281012e-05
6380,1.238987e-05
6381,2.1063936e-06
6382,4.994783e-10
6383,7.912075e-07
6384,1.7062952e-06
6385,2.1005415e-06
6386,2.1187225e-06
6387,1.9899792e-06
6388,1.8463899e-06
6389,1.7362717e-06
6390,1.6659495e-06
6391,0.0007800893
6392,8.674694e-05
6393,3.9936596e-05
6394,7.1548357e-06
6395,4.2671422e-07
6396,1.0758504e-10
6397,9.709157e-09
6398,0.4506282
6399,0.10614445
6400,0.05557806
6401,0.0012094349
6402,0.0001964123
6403,0.00630561
6404,8.380776e-09
6405,7.166795e-07
6406,1.9539026e-07
6407,4.877091e-07
6408,0.0034295106
6409,0.00032754577
6410,0.0001430948
6411,1.9244608e-05
6412,0.00083659834
6413,4.8927275e-05
6414,1.7670005e-05
6415,1.6499415e-06
6416,3.4545709e-09
6417,5.67717e-08
6418,1.1612709e-08
6419,0.00082049816
6420,8.049717e-05
6421,3.877408e-05
6422,7.3473575e-06
6423,5.42954e-07
6424,9.89543e-09
6425,0.0033913853
6426,0.00012464066
6427,0.00039058542
6428,7.514921e-05
6429,9.12363e-07
6430,4.4016e-06
6431,5.6198705e-06
6432,2.287911e-06
6433,2.1509992e-07
6434,1.4168025e-07
6435,8.4163423e-07
6436,1.4550761e-06
6437,0.041254245
6438,0.003921775
6439,0.0036958084
6440,0.00021143389
6441,4.061287e-05
6442,0.00013115122
6443,9.7282056e-05
6444,0.004194628
6445,0.00020674516
6446,0.0023221457
6447,0.0013803877
6448,0.0007913552
6449,0.00013472245
6450,1.1205309e-08
6451,1.777529e-05
6452,1.943894e-05
6453,8.948777e-06
6454,1.8203349e-06
6455,0.06911971
6456,0.0053125615
6457,0.003917788
6458,1.7688764e-06
6459,3.5063933e-06
6460,0.0015779559
6461,0.003983985
6462,0.07817589
6463,0.009997426
6464,0.009725828
6465,0.00026355567
6466,0.00017048683
6467,0.00032730462
6468,0.00021325322
6469,8.313796e-05
6470,1.8534558e-05
6471,9.838017e-07
6472,7.798915e-07
6473,2.9520186e-06
6474,3.765193e-06
6475,3.509738e-06
6476,2.9379257e-06
6477,2.430787e-06
6478,2.082331e-06
6479,1.872779e-06
6480,1.7582677e-06
6481,1.7007405e-06
6482,0.053986832
6483,0.057239912
6484,0.06612609
6485,0.0113059785
6486,2.144825e-05
6487,0.0003913556
6488,0.0004401926
6489,0.00023414151
6490,7.603717e-05
6491,1.2218638e-05
6492,0.00086243445
6493,0.027434072
6494,0.0064066155
6495,0.0019490132
6496,7.941843e-05
6497,3.806435e-05
6498,8.8484434e-05
6499,0.0013626353
6500,1.0523477e-05
6501,9.461339e-06
6502,1.8771107e-06
6503,1.6474843e-07
6504,4.8323898e-08
6505,1.8512254e-07
6506,5.4849e-07
6507,0.0007953137
6508,8.506576e-05
6509,4.0038336e-05
6510,7.4119553e-06
6511,5.013323e-07
6512,0.00084954995
6513,6.662443e-05
6514,3.0509047e-05
6515,4.987258e-06
6516,2.105385e-07
6517,0.0008554841
6518,0.16059281
6519,0.060481224
6520,0.018991703
6521,0.01613718
6522,0.0013051925
6523,7.285579e-05
6524,5.368094e-05
6525,0.0001252932
6526,8.7506516e-05
6527,3.412784e-05
6528,6.7939413e-06
6529,1.05638144e-07
6530,9.815709e-07
6531,2.5336183e-06
6532,3.1092497e-06
6533,2.981171e-06
6534,2.6208656e-06
6535,2.2789693e-06
6536,2.0302246e-06
6537,1.8716602e-06
6538,1.7786634e-06
6539,1.7269006e-06
6540,1.6983408e-06
6541,1.6815013e-06
6542,1.6699207e-06
6543,1.6604611e-06
6544,1.6518712e-06
6545,1.6438291e-06
6546,0.0007798808
6547,8.690749e-05
6548,4.005243e-05
6549,7.196999e-06
6550,4.348987e-07
6551,2.3069151e-10
6552,1.0460334e-08
6553,1.9549294e-07
6554,6.141879e-07
6555,1.0698508e-06
6556,1.4046102e-06
6557,1.5873521e-06
6558,1.6575808e-06
6559,0.00077923265
6560,8.706169e-05
6561,4.0082836e-05
6562,0.00070359017
6563,7.52208e-05
6564,2.5237534e-05
6565,2.2787685e-06
6566,2.1071866e-08
6567,1.9720353e-07
6568,1.2840958e-08
6569,1.3666667e-07
6570,0.00080795947
6571,0.00040420948
6572,0.00020585622
6573,5.753901e-05
6574,3.8311687e-06
6575,3.7903914e-07
6576,1.2501824e-06
6577,4.6056704e-07
6578,2.445517e-11
6579,3.307172e-07
6580,9.3428207e-07
6581,1.4062143e-06
6582,1.6510327e-06
6583,1.7283527e-06
6584,1.7206122e-06
6585,1.6843586e-06
6586,1.6476736e-06
6587,1.6203616e-06
6588,1.6032902e-06
6589,1.594055e-06
6590,1.5897726e-06
6591,0.003266223
6592,0.00010772458
6593,0.00040780148
6594,7.797291e-05
6595,9.4864015e-07
6596,4.5655183e-06
6597,5.8716564e-06
6598,2.4340186e-06
6599,2.5063412e-07
6600,1.224692e-07
6601,8.08041e-07
6602,1.42347e-06
6603,1.7359049e-06
6604,1.8174734e-06
6605,0.0074441712
6606,0.00090073305
6607,0.00034724927
6608,3.134795e-05
6609,1.2619288e-06
6610,9.3380195e-06
6611,0.008144474
6612,0.0007353588
6613,0.0002927929
6614,2.5230984e-05
6615,1.5093964e-06
6616,8.863635e-06
6617,6.292285e-06
6618,1.7970413e-06
6619,0.003438265
6620,0.0003284579
6621,0.00014144107
6622,0.0006269506
6623,6.3311025e-05
6624,1.3273236e-05
6625,8.392413e-08
6626,9.3965804e-07
6627,8.17792e-07
6628,1.0196132e-07
6629,9.694935e-08
6630,6.288075e-07
6631,0.0007903342
6632,0.0061345752
6633,0.0012387356
6634,0.00038297492
6635,2.1143624e-05
6636,6.0603015e-06
6637,1.7059896e-05
6638,1.10353685e-05
6639,3.3032659e-06
6640,2.0762761e-07
6641,2.4400435e-07
6642,1.0861908e-06
6643,1.6896674e-06
6644,1.9169943e-06
6645,1.9172373e-06
6646,1.8340254e-06
6647,1.7444922e-06
6648,1.6764718e-06
6649,1.6333398e-06
6650,1.6096101e-06
6651,1.5983429e-06
6652,1.5939139e-06
6653,0.030266015
6654,0.0019831117
6655,0.0026046587
6656,0.00018245573
6657,2.1832102e-05
6658,9.022196e-05
6659,7.006966e-05
6660,2.9443008e-05
6661,6.6840735e-06
6662,2.7492288e-07
6663,5.006269e-07
6664,1.7152247e-06
6665,2.3178698e-06
6666,2.3633406e-06
6667,2.1791984e-06
6668,0.00077297084
6669,8.818835e-05
6670,4.042868e-05
6671,7.246907e-06
6672,4.3608063e-07
6673,1.9024589e-10
6674,1.0223022e-08
6675,1.9528443e-07
6676,6.151555e-07
6677,1.0722492e-06
6678,0.00078506366
6679,0.116389535
6680,0.041337922
6681,0.0125503475
6682,0.00025590212
6683,0.00020211356
6684,0.0003528033
6685,0.00022108611
6686,8.319058e-05
6687,1.7469254e-05
6688,6.8721255e-07
6689,0.0032923636
6690,0.00037674975
6691,0.00016461313
6692,2.2487702e-05
6693,8.614762e-08
6694,1.3300506e-06
6695,1.0674073e-06
6696,1.3363535e-07
6697,0.00083431875
6698,0.011653792
6699,0.0022959383
6700,0.00071181776
6701,3.5449124e-05
6702,0.0010761998
6703,4.2966813e-06
6704,6.6384445e-08
6705,1.5596488e-06
6706,2.0744344e-06
6707,7.5675877e-07
6708,1.2194235e-08
6709,2.8236525e-07
6710,9.264363e-07
6711,1.4462726e-06
6712,1.714505e-06
6713,1.7937339e-06
6714,1.7773771e-06
6715,1.7299826e-06
6716,1.6833804e-06
6717,1.6484431e-06
6718,0.0074548637
6719,0.0008979725
6720,0.0003463686
6721,3.1254353e-05
6722,1.2638349e-06
6723,9.325219e-06
6724,6.902593e-06
6725,2.0855834e-06
6726,8.8711e-08
6727,2.820713e-07
6728,1.0505624e-06
6729,1.6046667e-06
6730,0.013332968
6731,0.00018762899
6732,0.0011642505
6733,0.00012847404
6734,0.0035880378
6735,0.00013551334
6736,0.0005673969
6737,5.7758803e-05
6738,5.302288e-06
6739,1.2624575e-06
6740,4.1689877e-06
6741,2.4637634e-06
6742,4.3457953e-07
6743,3.310349e-08
6744,6.0319206e-07
6745,1.2632597e-06
6746,1.662221e-06
6747,1.80867e-06
6748,1.8117191e-06
6749,0.0032585978
6750,0.00035617544
6751,0.00014668552
6752,1.7136079e-05
6753,1.7470684e-08
6754,2.0400855e-06
6755,1.4437763e-06
6756,0.0008804292
6757,6.875337e-05
6758,3.4263114e-05
6759,6.423028e-06
6760,4.4077723e-07
6761,5.0751288e-09
6762,2.607896e-08
6763,2.3703592e-07
6764,6.5861593e-07
6765,1.1002763e-06
6766,1.4192082e-06
6767,1.5914163e-06
6768,1.6567225e-06
6769,1.6639681e-06
6770,1.648104e-06
6771,0.0007800626
6772,8.6776745e-05
6773,3.9941395e-05
6774,7.147514e-06
6775,0.0075630927
6776,3.3735836e-07
6777,0.0006515038
6778,8.725894e-05
6779,2.8222203e-07
6780,1.5473814e-05
6781,0.003875424
6782,0.00022433003
6783,9.7817174e-05
6784,1.0001951e-05
6785,1.7281101e-07
6786,1.9552858e-06
6787,1.1432185e-06
6788,1.09742246e-07
6789,1.304772e-07
6790,7.2703745e-07
6791,1.3003621e-06
6792,1.6330611e-06
6793,1.7553766e-06
6794,1.7604644e-06
6795,1.7211356e-06
6796,1.6763088e-06
6797,1.6409929e-06
6798,1.6178029e-06
6799,1.6044578e-06
6800,1.59761e-06
6801,1.5944378e-06
6802,1.5930184e-06
6803,1.5922732e-06
6804,1.5916736e-06
6805,1.5910406e-06
6806,1.590345e-06
6807,1.5896227e-06
6808,1.5889163e-06
6809,1.5882592e-06
6810,1.5876693e-06
6811,1.5871443e-06
6812,0.0007809738
6813,8.658942e-05
6814,3.9872084e-05
6815,7.1315276e-06
6816,4.2087078e-07
6817,3.2841806e-11
6818,8.829483e-09
6819,1.8912819e-07
6820,6.043357e-07
6821,1.0585584e-06
6822,1.3933787e-06
6823,1.5769803e-06
6824,1.6483679e-06
6825,1.6581425e-06
6826,1.6430561e-06
6827,1.6231573e-06
6828,1.6067768e-06
6829,1.5958644e-06
6830,0.020957466
6831,0.003294058
6832,0.001155878
6833,7.056467e-05
6834,1.3612497e-05
6835,4.5634308e-05
6836,3.2984375e-05
6837,1.2450608e-05
6838,0.013989764
6839,0.00015062376
6840,0.0011384821
6841,0.037251968
6842,0.007866705
6843,0.001976918
6844,2.830216e-05
6845,9.483371e-05
6846,0.00014417348
6847,8.69415e-05
6848,3.096726e-05
6849,5.651068e-06
6850,5.30883e-08
6851,9.3431805e-07
6852,2.2402812e-06
6853,2.694608e-06
6854,0.0007617042
6855,9.1443726e-05
6856,4.1919186e-05
6857,7.6267784e-06
6858,4.8955604e-07
6859,0.00085087185
6860,0.0063165175
6861,0.0068104556
6862,0.0037328487
6863,0.0007018375
6864,2.5073016e-06
6865,6.019268e-05
6866,7.605123e-05
6867,0.001271133
6868,0.0006161295
6869,0.00014105358
6870,0.11818998
6871,0.008693459
6872,0.06299637
6873,0.0057226354
6874,2.5921507e-05
6875,0.0004842559
6876,0.00042390678
6877,0.00019876828
6878,5.5992507e-05
6879,6.417335e-06
6880,2.1570891e-07
6881,3.616911e-06
6882,5.5147784e-06
6883,5.2489045e-06
6884,4.205789e-06
6885,3.2306766e-06
6886,2.5544518e-06
6887,2.1461815e-06
6888,1.919927e-06
6889,1.8027152e-06
6890,1.7450685e-06
6891,0.013343007
6892,0.00018588785
6893,0.0011612729
6894,0.00012817433
6895,2.1983144e-06
6896,0.0012099317
6897,7.0411593e-06
6898,2.6271223e-06
6899,4.4473145e-12
6900,0.0034790442
6901,0.00014570566
6902,0.00036232316
6903,6.78718e-05
6904,5.6969714e-07
6905,4.6871464e-06
6906,5.6334293e-06
6907,2.2255206e-06
6908,1.933763e-07
6909,1.564903e-07
6910,8.650089e-07
6911,1.4725358e-06
6912,1.771611e-06
6913,1.8431431e-06
6914,1.8073514e-06
6915,1.7426752e-06
6916,1.6847821e-06
6917,1.6439541e-06
6918,1.6191431e-06
6919,1.6057991e-06
6920,1.5993991e-06
6921,1.5966037e-06
6922,1.595356e-06
6923,1.5945787e-06
6924,1.5938222e-06
6925,1.5929693e-06
6926,1.5920406e-06
6927,1.5910988e-06
6928,1.5901952e-06
6929,0.020957498
6930,0.00079462974
6931,0.00177601
6932,0.00015471938
6933,9.151569e-06
6934,5.6617166e-05
6935,4.6653236e-05
6936,1.9796207e-05
6937,4.3037157e-06
6938,1.050074e-07
6939,0.06870347
6940,0.01738601
6941,0.0055822018
6942,0.00018383705
6943,9.714557e-05
6944,0.0002060552
6945,0.00013749619
6946,5.3745858e-05
6947,1.1750994e-05
6948,5.222644e-07
6949,6.791629e-07
6950,2.341387e-06
6951,3.0180006e-06
6952,2.9060468e-06
6953,0.00076254236
6954,9.070724e-05
6955,0.01948492
6956,0.003471444
6957,0.0010860653
6958,4.8947033e-05
6959,2.215149e-05
6960,5.402104e-05
6961,3.6377296e-05
6962,1.3170263e-05
6963,2.1284995e-06
6964,3.1854956e-09
6965,8.6904765e-07
6966,1.8035701e-06
6967,2.1786436e-06
6968,2.17037e-06
6969,2.021401e-06
6970,1.8654525e-06
6971,1.7486544e-06
6972,1.6749751e-06
6973,1.634192e-06
6974,1.6143449e-06
6975,0.0007805467
6976,8.6711705e-05
6977,3.9947565e-05
6978,7.1626173e-06
6979,0.007562433
6980,3.3279673e-07
6981,0.00065166724
6982,8.730671e-05
6983,2.7987653e-07
6984,1.5458234e-05
6985,1.4745921e-05
6986,6.0836965e-06
6987,9.645215e-07
6988,2.2959258e-08
6989,7.3516435e-07
6990,1.4911127e-06
6991,1.8628377e-06
6992,1.9359732e-06
6993,0.013329494
6994,0.0018381341
6995,0.0006728908
6996,4.949095e-05
6997,0.0009932366
6998,9.427573e-06
6999,7.3553696e-07
7000,9.2253026e-07
7001,0.0035705806
7002,0.000276274
7003,0.00011418197
7004,1.1765248e-05
7005,1.5754851e-07
7006,2.1515832e-06
7007,0.003547352
7008,0.0049695163
7009,0.0016064384
7010,0.00040264733
7011,1.0894966e-05
7012,1.5550946e-05
7013,2.7632403e-05
7014,1.6164637e-05
7015,4.736771e-06
7016,3.5376578e-07
7017,2.242274e-07
7018,1.1494525e-06
7019,1.8003756e-06
7020,2.019798e-06
7021,1.9909724e-06
7022,1.8800102e-06
7023,1.7710279e-06
7024,1.6914313e-06
7025,1.642197e-06
7026,1.615598e-06
7027,1.6031149e-06
7028,1.598195e-06
7029,1.5966395e-06
7030,1.5961691e-06
7031,1.5957592e-06
7032,1.5950916e-06
7033,1.5941736e-06
7034,1.5931147e-06
7035,1.5920249e-06
7036,1.5909912e-06
7037,1.5900476e-06
7038,1.5892138e-06
7039,1.5884872e-06
7040,1.5878593e-06
7041,1.5873119e-06
7042,1.5868427e-06
7043,1.5864296e-06
7044,1.5860744e-06
7045,1.5857617e-06
7046,1.5854915e-06
7047,1.5852548e-06
7048,1.5850495e-06
7049,1.5848686e-06
7050,1.5847102e-06
7051,1.584574e-06
7052,1.5844513e-06
7053,1.5843485e-06
7054,1.5842548e-06
7055,1.5841767e-06
7056,1.5841052e-06
7057,1.5840451e-06
7058,1.5839915e-06
7059,1.5839424e-06
7060,1.5839023e-06
7061,0.0007810365
7062,8.6571206e-05
7063,3.9861716e-05
7064,7.1277495e-06
7065,4.200601e-07
7066,2.680667e-11
7067,8.738076e-09
7068,1.8875512e-07
7069,6.0375413e-07
7070,0.0074975016
7071,4.466158e-07
7072,0.0007148949
7073,0.0001022752
7074,1.9818689e-08
7075,1.4251677e-05
7076,1.4463904e-05
7077,6.1566657e-06
7078,1.023851e-06
7079,1.5279877e-08
7080,7.004618e-07
7081,1.4596425e-06
7082,1.8428782e-06
7083,1.9253487e-06
7084,1.8682026e-06
7085,1.7775377e-06
7086,1.6997346e-06
7087,1.6466812e-06
7088,0.053997353
7089,0.012364717
7090,0.003995245
7091,0.00014892881
7092,7.077015e-05
7093,0.00015969705
7094,0.000108345055
7095,4.248766e-05
7096,9.175035e-06
7097,3.5622543e-07
7098,6.4589295e-07
7099,2.1087274e-06
7100,2.7285323e-06
7101,2.6690907e-06
7102,2.371649e-06
7103,2.0800007e-06
7104,1.8695018e-06
7105,1.7398229e-06
7106,1.6690018e-06
7107,1.6346997e-06
7108,1.6202398e-06
7109,1.6149893e-06
7110,1.6130699e-06
7111,1.6117348e-06
7112,1.6100197e-06
7113,1.6078199e-06
7114,1.6053318e-06
7115,1.6027939e-06
7116,1.6003859e-06
7117,1.5981994e-06
7118,1.5962721e-06
7119,1.5946013e-06
7120,1.5931572e-06
7121,1.5919109e-06
7122,1.5908348e-06
7123,1.5899045e-06
7124,1.5890953e-06
7125,1.5883911e-06
7126,1.5877812e-06
7127,1.5872494e-06
7128,1.586789e-06
7129,0.0007809806
7130,0.00039602234
7131,0.0002071773
7132,5.7165737e-05
7133,3.6678684e-06
7134,4.2665513e-07
7135,1.3110619e-06
7136,4.8385544e-07
7137,2.1458062e-10
7138,3.247552e-07
7139,9.289043e-07
7140,1.4022596e-06
7141,1.647817e-06
7142,1.7253537e-06
7143,1.717671e-06
7144,1.6815083e-06
7145,1.6449887e-06
7146,1.6179022e-06
7147,1.6010927e-06
7148,0.030266086
7149,0.00023485409
7150,0.0009929012
7151,0.00067012483
7152,2.6651217e-10
7153,8.853165e-05
7154,0.00010066041
7155,5.3596264e-05
7156,1.6655114e-05
7157,2.1933977e-06
7158,4.1503053e-08
7159,1.2258951e-06
7160,2.205594e-06
7161,2.46851e-06
7162,2.334977e-06
7163,2.0996447e-06
7164,1.896204e-06
7165,1.7574378e-06
7166,1.6756292e-06
7167,0.0032641958
7168,0.0003548243
7169,0.00014621047
7170,1.7067432e-05
7171,1.8072525e-08
7172,2.0389825e-06
7173,1.440846e-06
7174,2.1645987e-07
7175,6.756106e-08
7176,6.213504e-07
7177,1.2204508e-06
7178,1.5895781e-06
7179,1.736634e-06
7180,1.7536291e-06
7181,1.7182429e-06
7182,0.0032623927
7183,0.00035519133
7184,0.00014628348
7185,1.7051114e-05
7186,1.9330196e-08
7187,2.0546572e-06
7188,1.4537279e-06
7189,2.2092456e-07
7190,6.546292e-08
7191,6.1599167e-07
7192,1.2141666e-06
7193,1.5835274e-06
7194,1.73124e-06
7195,1.7489546e-06
7196,1.714224e-06
7197,1.6702872e-06
7198,1.6346748e-06
7199,1.6111427e-06
7200,1.5977713e-06
7201,1.5912285e-06
7202,1.5885767e-06
7203,1.5877832e-06
7204,1.5876761e-06
7205,1.5876739e-06
7206,1.5875733e-06
7207,0.00078095944
7208,0.0003960067
7209,0.00020718752
7210,0.0064088902
7211,0.00093221484
7212,0.00026580787
7213,9.553064e-06
7214,8.572052e-06
7215,1.7004024e-05
7216,9.970679e-06
7217,2.699959e-06
7218,1.0558743e-07
7219,3.29286e-07
7220,1.1714046e-06
7221,1.7289542e-06
7222,1.9223357e-06
7223,1.9078866e-06
7224,1.8218725e-06
7225,1.7344357e-06
7226,1.66957e-06
7227,1.6291183e-06
7228,1.6072196e-06
7229,1.597025e-06
7230,1.5931483e-06
7231,1.5920965e-06
7232,1.5919555e-06
7233,0.00078085926
7234,8.6628075e-05
7235,3.989625e-05
7236,7.1408695e-06
7237,4.2293365e-07
7238,5.115191e-11
7239,9.066495e-09
7240,1.9007794e-07
7241,6.0580606e-07
7242,1.0602375e-06
7243,1.3950474e-06
7244,1.5785217e-06
7245,1.6497364e-06
7246,1.6593392e-06
7247,1.6440927e-06
7248,1.624059e-06
7249,1.6075592e-06
7250,1.5965455e-06
7251,1.5902444e-06
7252,1.5871487e-06
7253,0.04128192
7254,0.008413681
7255,0.00277218
7256,0.00012057139
7257,4.631875e-05
7258,0.00011498387
7259,7.962687e-05
7260,3.1183063e-05
7261,6.5113995e-06
7262,1.7962485e-07
7263,6.568226e-07
7264,0.00077372254
7265,9.266448e-05
7266,4.3842007e-05
7267,8.384414e-06
7268,6.2830145e-07
7269,8.080274e-09
7270,1.9735396e-08
7271,2.1199911e-07
7272,6.282494e-07
7273,1.0809798e-06
7274,1.4153088e-06
7275,1.5989012e-06
7276,1.6698314e-06
7277,1.6784306e-06
7278,1.661622e-06
7279,1.639755e-06
7280,1.6213868e-06
7281,1.6086093e-06
7282,1.6007225e-06
7283,1.5962318e-06
7284,1.5937684e-06
7285,1.5923559e-06
7286,1.5914142e-06
7287,1.5906469e-06
7288,0.0032661415
7289,0.00035446137
7290,0.00014606708
7291,1.7020682e-05
7292,1.9801968e-08
7293,2.057963e-06
7294,1.4564691e-06
7295,2.2207793e-07
7296,6.481347e-08
7297,6.1402943e-07
7298,1.2115828e-06
7299,1.5808552e-06
7300,1.7287583e-06
7301,1.7467694e-06
7302,1.7123439e-06
7303,1.668672e-06
7304,0.00077994773
7305,8.6764354e-05
7306,3.992225e-05
7307,7.1399263e-06
7308,4.2193895e-07
7309,4.2070684e-11
7310,8.994372e-09
7311,1.8997821e-07
7312,6.059082e-07
7313,1.0605718e-06
7314,1.3955125e-06
7315,1.5790163e-06
7316,1.6501943e-06
7317,1.6597413e-06
7318,1.644434e-06
7319,1.6243505e-06
7320,1.6078019e-06
7321,1.5967561e-06
7322,1.5904254e-06
7323,1.587303e-06
7324,1.5860253e-06
7325,1.5856344e-06
7326,1.5855742e-06
7327,1.5855652e-06
7328,1.5855139e-06
7329,1.5854e-06
7330,0.030267034
7331,0.0054368456
7332,0.0018414543
7333,0.0060680197
7334,0.0005168278
7335,6.0191094e-05
7336,7.414881e-06
7337,3.7502166e-05
7338,3.0910327e-05
7339,1.2895121e-05
7340,2.544365e-06
7341,1.140346e-08
7342,6.462807e-07
7343,1.5942182e-06
7344,2.0599375e-06
7345,2.1264136e-06
7346,2.0181199e-06
7347,1.8782066e-06
7348,1.7645915e-06
7349,1.6888769e-06
7350,1.6447318e-06
7351,1.6218223e-06
7352,1.611208e-06
7353,1.6067092e-06
7354,1.6046914e-06
7355,1.6033417e-06
7356,1.6019432e-06
7357,1.6003432e-06
7358,1.5986164e-06
7359,1.5968815e-06
7360,1.5952372e-06
7361,1.5937414e-06
7362,1.5924164e-06
7363,1.5912598e-06
7364,1.5902579e-06
7365,1.5893903e-06
7366,1.5886436e-06
7367,1.5879979e-06
7368,1.587437e-06
7369,1.5869477e-06
7370,1.5865234e-06
7371,1.5861503e-06
7372,1.5858265e-06
7373,1.5855475e-06
7374,1.585304e-06
7375,1.5850875e-06
7376,1.5849022e-06
7377,1.5847414e-06
7378,1.5845962e-06
7379,1.5844735e-06
7380,1.5843664e-06
7381,1.5842727e-06
7382,1.58419e-06
7383,1.5841165e-06
7384,1.5840517e-06
7385,1.5839981e-06
7386,1.5839469e-06
7387,1.5839088e-06
7388,1.5838732e-06
7389,1.5838419e-06
7390,1.583813e-06
7391,0.14319687
7392,0.048408423
7393,0.015710302
7394,0.00035074784
7395,0.00020063035
7396,0.00037121653
7397,0.0002355113
7398,8.915663e-05
7399,1.8788853e-05
7400,7.405245e-07
7401,1.1455793e-06
7402,3.5997657e-06
7403,4.339928e-06
7404,3.900194e-06
7405,3.1700417e-06
7406,2.560586e-06
7407,2.1541302e-06
7408,1.9137942e-06
7409,1.7835029e-06
7410,1.7180081e-06
7411,0.013345654
7412,0.001834216
7413,0.0006720868
7414,4.9557973e-05
7415,5.272948e-06
7416,2.3267216e-05
7417,0.008418596
7418,9.93594e-06
7419,0.0006086526
7420,8.753632e-05
7421,6.3861734e-08
7422,0.0010792752
7423,1.8753273e-05
7424,7.4260884e-06
7425,3.5134096e-07
7426,1.05264995e-07
7427,9.744746e-08
7428,9.633646e-09
7429,3.1121758e-07
7430,8.373725e-07
7431,1.2991046e-06
7432,1.578486e-06
7433,1.696943e-06
7434,1.7189147e-06
7435,1.6986828e-06
7436,1.6680606e-06
7437,1.6411587e-06
7438,1.6219647e-06
7439,1.6098757e-06
7440,1.602877e-06
7441,1.5989909e-06
7442,1.5967628e-06
7443,1.5953023e-06
7444,1.5941423e-06
7445,1.5930856e-06
7446,1.5920742e-06
7447,1.5911077e-06
7448,1.5902064e-06
7449,1.5893903e-06
7450,1.5886593e-06
7451,1.5880113e-06
7452,0.00078095705
7453,8.659431e-05
7454,3.9874907e-05
7455,7.1325553e-06
7456,4.210905e-07
7457,3.4592107e-11
7458,8.854661e-09
7459,1.8923001e-07
7460,6.04497e-07
7461,1.058739e-06
7462,1.3935629e-06
7463,1.5771541e-06
7464,1.6485228e-06
7465,1.6582795e-06
7466,1.6431743e-06
7467,1.6232613e-06
7468,1.6068644e-06
7469,0.3746091
7470,0.002230145
7471,0.13889219
7472,0.012004935
7473,7.83067e-06
7474,0.00048534782
7475,0.00041710678
7476,0.00018126775
7477,4.223366e-05
7478,1.9857227e-06
7479,2.3795888e-06
7480,7.954482e-06
7481,9.416191e-06
7482,7.9838765e-06
7483,5.9336667e-06
7484,4.29831e-06
7485,3.235836e-06
7486,2.609292e-06
7487,2.2575318e-06
7488,2.064042e-06
7489,1.9561514e-06
7490,1.8917794e-06
7491,1.8482094e-06
7492,1.8142596e-06
7493,1.7851183e-06
7494,1.759086e-06
7495,1.7357485e-06
7496,1.715053e-06
7497,1.6969547e-06
7498,1.6812945e-06
7499,1.667843e-06
7500,1.6563276e-06
7501,0.013349272
7502,0.0018331786
7503,0.000671654
7504,4.943247e-05
7505,5.3198e-06
7506,2.3368635e-05
7507,1.7190598e-05
7508,6.0882153e-06
7509,7.5633153e-07
7510,7.654195e-08
7511,9.1243413e-07
7512,1.6493926e-06
7513,1.9597542e-06
7514,1.9824943e-06
7515,0.0007745297
7516,8.8033754e-05
7517,4.042636e-05
7518,7.2529333e-06
7519,0.0008148269
7520,0.03857595
7521,0.0091896625
7522,0.002723984
7523,8.720729e-05
7524,6.559512e-05
7525,0.0001326744
7526,8.717928e-05
7527,3.3083685e-05
7528,6.67128e-06
7529,1.5498642e-07
7530,7.3533465e-07
7531,2.0516693e-06
7532,2.5824077e-06
7533,2.524994e-06
7534,2.2652919e-06
7535,2.0118218e-06
7536,1.8290121e-06
7537,1.7166254e-06
7538,1.6556021e-06
7539,1.6264169e-06
7540,0.00078036136
7541,8.676508e-05
7542,3.998052e-05
7543,7.1762774e-06
7544,4.31514e-07
7545,1.8018331e-10
7546,1.0196683e-08
7547,1.9458449e-07
7548,6.128253e-07
7549,1.0682776e-06
7550,1.4030093e-06
7551,1.5858333e-06
7552,1.6562112e-06
7553,1.6649747e-06
7554,1.648978e-06
7555,1.6282854e-06
7556,1.6112259e-06
7557,1.5997354e-06
7558,1.593023e-06
7559,0.0007809099
7560,8.660187e-05
7561,3.9878545e-05
7562,7.1343597e-06
7563,4.2162114e-07
7564,4.002583e-11
7565,8.93829e-09
7566,1.8959196e-07
7567,6.050762e-07
7568,1.059418e-06
7569,1.3942371e-06
7570,1.5777731e-06
7571,1.6490668e-06
7572,1.6587521e-06
7573,1.6435836e-06
7574,1.6236161e-06
7575,1.6071701e-06
7576,1.5962095e-06
7577,1.5899536e-06
7578,1.5868941e-06
7579,1.5856702e-06
7580,1.5853263e-06
7581,1.585304e-06
7582,1.5853308e-06
7583,1.5853108e-06
7584,1.5852214e-06
7585,1.5850919e-06
7586,1.5849356e-06
7587,1.5847772e-06
7588,1.5846298e-06
7589,1.5845026e-06
7590,1.5843865e-06
7591,1.5842883e-06
7592,1.5842013e-06
7593,1.5841254e-06
7594,1.5840607e-06
7595,1.5840026e-06
7596,1.5839535e-06
7597,1.5839112e-06
7598,1.5838732e-06
7599,1.5838397e-06
7600,1.5838107e-06
7601,1.5837884e-06
7602,0.0007810387
7603,0.018693296
7604,0.003932488
7605,0.0011956552
7606,5.111662e-05
7607,2.5347872e-05
7608,5.978958e-05
7609,0.0012627699
7610,0.00062786817
7611,0.00031105254
7612,0.00020986993
7613,4.249554e-05
7614,0.0008097256
7615,4.1514366e-05
7616,1.10845895e-05
7617,2.4179326e-07
7618,4.1291682e-07
7619,0.0008896075
7620,0.0004539832
7621,0.00018364274
7622,0.00048513705
7623,9.6261705e-05
7624,1.8405171e-05
7625,0.00083650125
7626,4.5974877e-05
7627,1.4926515e-05
7628,8.757572e-07
7629,1.2691295e-07
7630,2.2035564e-07
7631,4.095049e-09
7632,1.8899325e-07
7633,6.995968e-07
7634,1.201192e-06
7635,1.5252566e-06
7636,1.6733115e-06
7637,0.013343633
7638,0.0018352038
7639,0.0006723071
7640,4.9473972e-05
7641,5.33031e-06
7642,2.3411987e-05
7643,1.723242e-05
7644,6.1118726e-06
7645,7.636715e-07
7646,7.458245e-08
7647,9.0675167e-07
7648,1.6429971e-06
7649,1.9538602e-06
7650,1.977424e-06
7651,1.8868268e-06
7652,1.7814125e-06
7653,1.6990158e-06
7654,1.6457782e-06
7655,1.615954e-06
7656,1.6014696e-06
7657,1.5955889e-06
7658,1.5937773e-06
7659,1.5934347e-06
7660,1.5933184e-06
7661,1.5929827e-06
7662,1.592374e-06
7663,1.5915797e-06
7664,1.5907096e-06
7665,1.5898487e-06
7666,1.5890549e-06
7667,1.5883464e-06
7668,1.5877275e-06
7669,1.5871913e-06
7670,1.5867289e-06
7671,0.0007809818
7672,8.658709e-05
7673,3.9870785e-05
7674,7.131059e-06
7675,0.0008154954
7676,6.439333e-05
7677,2.6404974e-05
7678,3.4853929e-06
7679,3.8767638e-08
7680,4.0388574e-08
7681,8.5046975e-10
7682,1.9189831e-07
7683,6.470678e-07
7684,1.118753e-06
7685,1.4466244e-06
7686,1.6137501e-06
7687,1.6698451e-06
7688,0.013347234
7689,0.0018336136
7690,0.00067160785
7691,4.9351165e-05
7692,5.357925e-06
7693,2.3454726e-05
7694,1.72611e-05
7695,6.125762e-06
7696,7.6777576e-07
7697,7.349345e-08
7698,9.034535e-07
7699,1.6391148e-06
7700,1.9501367e-06
7701,1.974134e-06
7702,1.8840047e-06
7703,1.7790134e-06
7704,1.6969637e-06
7705,1.6440132e-06
7706,1.6144282e-06
7707,1.6001459e-06
7708,1.5944378e-06
7709,1.5927723e-06
7710,1.5925574e-06
7711,1.592553e-06
7712,1.592318e-06
7713,1.5917923e-06
7714,1.5910674e-06
7715,1.5902623e-06
7716,1.5894597e-06
7717,1.5887174e-06
7718,1.5880515e-06
7719,1.5874706e-06
7720,1.5869633e-06
7721,1.58653e-06
7722,1.5861548e-06
7723,1.5858288e-06
7724,1.5855451e-06
7725,1.5852995e-06
7726,1.5850875e-06
7727,1.5849e-06
7728,1.5847392e-06
7729,1.5845962e-06
7730,1.5844713e-06
7731,1.5843643e-06
7732,1.5842705e-06
7733,1.584188e-06
7734,1.5841165e-06
7735,1.584054e-06
7736,1.583996e-06
7737,0.00078103464
7738,8.65717e-05
7739,0.0005240395
7740,0.00034221352
7741,0.00018662501
7742,0.019546177
7743,0.03129619
7744,0.012708994
7745,0.004579886
7746,2.9571607e-05
7747,0.00022228638
7748,0.00029228415
7749,0.00016898112
7750,6.0004986e-05
7751,1.160095e-05
7752,2.8343672e-07
7753,1.0705883e-06
7754,2.8822722e-06
7755,3.415834e-06
7756,3.1264901e-06
7757,2.6331297e-06
7758,2.2179493e-06
7759,1.9405775e-06
7760,1.7782992e-06
7761,1.6931083e-06
7762,1.6531822e-06
7763,1.636707e-06
7764,1.6305601e-06
7765,0.00078006776
7766,0.011556552
7767,0.002309764
7768,0.00071033713
7769,3.454686e-05
7770,1.349119e-05
7771,3.4533394e-05
7772,2.2994986e-05
7773,7.86682e-06
7774,1.0098382e-06
7775,6.308794e-08
7776,9.543223e-07
7777,1.7366386e-06
7778,2.0428674e-06
7779,2.0406528e-06
7780,1.9249132e-06
7781,1.8019845e-06
7782,1.7093726e-06
7783,1.6509506e-06
7784,1.618879e-06
7785,1.6036291e-06
7786,1.5975942e-06
7787,0.00078077207
7788,0.00039587426
7789,0.00020728013
7790,5.7216537e-05
7791,3.680261e-06
7792,4.2266385e-07
7793,1.3046343e-06
7794,4.8037833e-07
7795,1.5532663e-10
7796,3.2691224e-07
7797,9.3204306e-07
7798,0.00078511896
7799,8.7077846e-05
7800,4.0579e-05
7801,7.4082627e-06
7802,4.7013899e-07
7803,8.3001234e-10
7804,1.1440415e-08
7805,1.9504472e-07
7806,6.0962833e-07
7807,1.0623951e-06
7808,0.0007853347
7809,8.654771e-05
7810,0.0027113236
7811,0.00041036392
7812,0.00012789732
7813,7.796666e-06
7814,1.629598e-06
7815,4.792243e-06
7816,2.6397752e-06
7817,0.00089181657
7818,6.77937e-05
7819,3.4343586e-05
7820,6.5628974e-06
7821,4.774736e-07
7822,8.287047e-09
7823,3.0123857e-08
7824,2.431362e-07
7825,6.627786e-07
7826,1.101588e-06
7827,1.4187476e-06
7828,1.590392e-06
7829,1.6558187e-06
7830,1.663403e-06
7831,1.6478488e-06
7832,1.6280003e-06
7833,1.6116446e-06
7834,1.6005832e-06
7835,1.5940572e-06
7836,1.5906223e-06
7837,1.5889813e-06
7838,1.588228e-06
7839,1.587828e-06
7840,1.5875241e-06
7841,1.5872135e-06
7842,1.5868785e-06
7843,1.58653e-06
7844,1.5861884e-06
7845,1.5858735e-06
7846,1.5855853e-06
7847,1.5853332e-06
7848,1.5851119e-06
7849,1.58492e-06
7850,1.5847527e-06
7851,1.5846075e-06
7852,1.5844803e-06
7853,1.5843732e-06
7854,1.584275e-06
7855,1.5841924e-06
7856,1.5841188e-06
7857,1.5840561e-06
7858,1.5840004e-06
7859,1.5839513e-06
7860,1.5839133e-06
7861,1.5838755e-06
7862,1.5838419e-06
7863,1.5838151e-06
7864,1.5837905e-06
7865,1.5837661e-06
7866,1.5837483e-06
7867,1.5837304e-06
7868,1.583717e-06
7869,1.5837036e-06
7870,1.5836923e-06
7871,1.5836835e-06
7872,1.5836769e-06
7873,1.58367e-06
7874,1.5836612e-06
7875,1.5836567e-06
7876,1.58365e-06
7877,1.5836456e-06
7878,1.5836412e-06
7879,1.5836367e-06
7880,1.5836343e-06
7881,1.5836343e-06
7882,1.5836323e-06
7883,1.5836299e-06
7884,1.5836277e-06
7885,1.5836277e-06
7886,1.5836255e-06
7887,1.5836232e-06
7888,1.5836255e-06
7889,1.5836232e-06
7890,1.5836209e-06
7891,1.5836188e-06
7892,0.0032664281
7893,0.0015670666
7894,0.000888101
7895,0.00022392916
7896,0.000101785234
7897,0.00075148256
7898,2.9840729e-05
7899,2.7387796e-06
7900,1.0123782e-06
7901,2.8335062e-06
7902,1.5015191e-06
7903,1.7263119e-07
7904,1.03508995e-07
7905,7.0468457e-07
7906,1.300437e-06
7907,1.6459715e-06
7908,1.7704169e-06
7909,1.772371e-06
7910,0.00077789114
7911,8.728289e-05
7912,4.01451e-05
7913,0.029773805
7914,0.0053361543
7915,0.0017187668
7916,7.525166e-05
7917,3.3326643e-05
7918,8.096149e-05
7919,5.5351826e-05
7920,2.0997672e-05
7921,3.9776364e-06
7922,3.3309e-08
7923,7.518059e-07
7924,1.8497382e-06
7925,2.3094408e-06
7926,2.2980423e-06
7927,2.1130659e-06
7928,1.9210574e-06
7929,1.7783866e-06
7930,1.6890059e-06
7931,1.6398868e-06
7932,1.6162403e-06
7933,1.6065543e-06
7934,1.603344e-06
7935,1.6024325e-06
7936,1.6018602e-06
7937,1.6009514e-06
7938,1.5996301e-06
7939,1.598056e-06
7940,1.596411e-06
7941,1.5948274e-06
7942,1.5933789e-06
7943,1.5920965e-06
7944,1.5909802e-06
7945,1.5900118e-06
7946,1.5891801e-06
7947,1.5884582e-06
7948,1.5878392e-06
7949,1.5873006e-06
7950,1.5868271e-06
7951,1.5864206e-06
7952,1.5860633e-06
7953,1.5857507e-06
7954,1.5854805e-06
7955,1.5852415e-06
7956,1.5850338e-06
7957,1.5848553e-06
7958,1.5847012e-06
7959,1.5845607e-06
7960,1.5844446e-06
7961,1.5843418e-06
7962,1.584248e-06
7963,1.5841678e-06
7964,1.5840986e-06
7965,1.584034e-06
7966,0.0032664118
7967,0.00035438177
7968,0.00014602541
7969,1.700843e-05
7970,2.0179547e-08
7971,2.0614254e-06
7972,1.4590714e-06
7973,2.22973e-07
7974,6.43925e-08
7975,6.1290723e-07
7976,1.210215e-06
7977,1.5794977e-06
7978,1.7275229e-06
7979,1.7456892e-06
7980,1.7114111e-06
7981,1.6678704e-06
7982,1.6325919e-06
7983,1.6093425e-06
7984,1.5962072e-06
7985,1.5898664e-06
7986,1.5873878e-06
7987,1.586749e-06
7988,1.586769e-06
7989,1.586883e-06
7990,1.586883e-06
7991,1.5867355e-06
7992,1.5864921e-06
7993,1.586195e-06
7994,1.5858914e-06
7995,0.0007809979
7996,8.65824e-05
7997,3.9868068e-05
7998,7.1300597e-06
7999,4.2055328e-07
8000,3.0399246e-11
8001,8.793529e-09
8002,1.8898092e-07
8003,6.041055e-07
8004,1.0582902e-06
8005,1.393115e-06
8006,1.5767353e-06
8007,1.6481516e-06
8008,1.6579529e-06
8009,1.6428879e-06
8010,1.6230107e-06
8011,1.6066464e-06
8012,1.5957523e-06
8013,1.5895557e-06
8014,0.030266857
8015,0.0054368535
8016,0.0018414382
8017,9.446273e-05
8018,2.7099833e-05
8019,7.633946e-05
8020,5.4018245e-05
8021,2.0938623e-05
8022,4.0836235e-06
8023,4.6243734e-08
8024,7.053069e-07
8025,1.7982753e-06
8026,2.273509e-06
8027,2.2773368e-06
8028,2.101932e-06
8029,1.9148074e-06
8030,1.7742956e-06
8031,1.6857718e-06
8032,1.6369837e-06
8033,1.6135137e-06
8034,1.6039975e-06
8035,1.6009963e-06
8036,1.600321e-06
8037,1.5999979e-06
8038,1.5993205e-06
8039,1.5982151e-06
8040,1.5968345e-06
8041,1.5953515e-06
8042,1.5939094e-06
8043,1.5925842e-06
8044,1.5914052e-06
8045,1.5903807e-06
8046,1.5894952e-06
8047,1.5887287e-06
8048,1.5880671e-06
8049,1.5874929e-06
8050,1.5869991e-06
8051,1.5865658e-06
8052,0.020957865
8053,0.0032940274
8054,0.0011558994
8055,7.0567556e-05
8056,1.3612952e-05
8057,0.0042466875
8058,0.0001337991
8059,5.378951e-05
8060,2.8273828e-06
8061,1.2299037e-06
8062,0.0009508295
8063,4.8046335e-05
8064,2.311814e-05
8065,3.6210738e-06
8066,1.2616233e-07
8067,1.4269964e-09
8068,2.4001803e-08
8069,0.00082280487
8070,7.909972e-05
8071,0.006637882
8072,0.0009814865
8073,0.00031465985
8074,1.8014043e-05
8075,4.8849324e-06
8076,1.40378415e-05
8077,8.981207e-06
8078,2.5601175e-06
8079,1.11956204e-07
8080,3.0057964e-07
8081,1.1197172e-06
8082,0.007450911
8083,0.00090471836
8084,0.00035039446
8085,3.2077325e-05
8086,1.169467e-06
8087,9.186562e-06
8088,0.0010126206
8089,4.3115968e-05
8090,2.2833286e-05
8091,3.977099e-06
8092,2.1114674e-07
8093,1.6303735e-09
8094,4.0499483e-08
8095,2.9414446e-07
8096,7.3805296e-07
8097,1.1710054e-06
8098,1.4678205e-06
8099,1.6195266e-06
8100,1.6712524e-06
8101,1.6712705e-06
8102,1.6522748e-06
8103,1.6311989e-06
8104,1.6145658e-06
8105,1.6035011e-06
8106,1.5969555e-06
8107,0.030265909
8108,0.0054372093
8109,0.0018415686
8110,9.4487244e-05
8111,2.7086504e-05
8112,7.631724e-05
8113,5.4000742e-05
8114,2.0928892e-05
8115,4.079903e-06
8116,4.5906113e-08
8117,7.064302e-07
8118,1.7998047e-06
8119,2.2749903e-06
8120,2.2786214e-06
8121,2.103012e-06
8122,1.9157055e-06
8123,1.7750514e-06
8124,1.6864143e-06
8125,1.6375374e-06
8126,1.6139935e-06
8127,1.6044175e-06
8128,1.6013641e-06
8129,1.6006418e-06
8130,1.600276e-06
8131,1.599565e-06
8132,1.5984305e-06
8133,1.5970228e-06
8134,1.5955148e-06
8135,1.5940526e-06
8136,1.5927073e-06
8137,1.5915148e-06
8138,1.5904747e-06
8139,1.5895758e-06
8140,1.5888002e-06
8141,1.5881297e-06
8142,1.5875509e-06
8143,1.587046e-06
8144,1.586606e-06
8145,0.013354747
8146,0.848219
8147,0.21021463
8148,0.07272774
8149,0.0017291032
8150,0.00012878959
8151,0.00036086037
8152,0.00022108703
8153,6.887945e-05
8154,7.2033727e-06
8155,9.5347195e-07
8156,7.902898e-06
8157,1.1408781e-05
8158,1.0582523e-05
8159,8.1685075e-06
8160,5.91921e-06
8161,0.00073568756
8162,9.7542856e-05
8163,0.03910105
8164,0.004136804
8165,0.0035523642
8166,0.0001735815
8167,5.1478517e-05
8168,0.000139641
8169,9.933397e-05
8170,3.9973867e-05
8171,8.810294e-06
8172,3.5459212e-07
8173,6.2235864e-07
8174,2.0771706e-06
8175,2.7249687e-06
8176,0.00075977144
8177,9.22057e-05
8178,4.235501e-05
8179,7.767856e-06
8180,5.1605355e-07
8181,2.4729094e-09
8182,1.5627064e-08
8183,2.1127389e-07
8184,6.383179e-07
8185,0.03034038
8186,0.0054266662
8187,0.0018428238
8188,9.521394e-05
8189,2.6727219e-05
8190,7.584705e-05
8191,5.3713688e-05
8192,2.0803747e-05
8193,4.041442e-06
8194,4.3019853e-08
8195,7.152181e-07
8196,1.8112395e-06
8197,2.286066e-06
8198,2.2884717e-06
8199,2.1115043e-06
8200,1.9229676e-06
8201,1.7812728e-06
8202,1.6917728e-06
8203,1.6421699e-06
8204,1.6180172e-06
8205,1.6079189e-06
8206,0.00078058185
8207,8.671409e-05
8208,3.995121e-05
8209,7.163585e-06
8210,4.282771e-07
8211,1.2045576e-10
8212,9.737134e-09
8213,1.9275295e-07
8214,6.0995797e-07
8215,1.0649848e-06
8216,1.3997513e-06
8217,1.5828468e-06
8218,1.6535718e-06
8219,1.6626806e-06
8220,1.6469908e-06
8221,0.007454817
8222,5.7721707e-07
8223,0.0007150505
8224,0.000101736005
8225,0.00086281326
8226,1.7025013e-05
8227,1.3738656e-06
8228,9.99422e-07
8229,2.240183e-06
8230,1.0483516e-06
8231,6.901983e-08
8232,1.7308388e-07
8233,7.8758694e-07
8234,1.3429309e-06
8235,1.653353e-06
8236,1.7608834e-06
8237,1.7589191e-06
8238,1.7173643e-06
8239,1.6725868e-06
8240,1.6380819e-06
8241,1.6157624e-06
8242,1.6030971e-06
8243,1.5967024e-06
8244,1.5938019e-06
8245,1.592544e-06
8246,1.5918839e-06
8247,1.5913404e-06
8248,1.5907498e-06
8249,1.5900856e-06
8250,1.5893947e-06
8251,1.5887174e-06
8252,1.5880871e-06
8253,1.5875174e-06
8254,1.5870125e-06
8255,1.5865703e-06
8256,1.5861929e-06
8257,1.58586e-06
8258,1.5855742e-06
8259,1.5853241e-06
8260,1.5851075e-06
8261,1.58492e-06
8262,1.5847527e-06
8263,1.5846098e-06
8264,1.5844826e-06
8265,1.5843752e-06
8266,1.5842816e-06
8267,1.5841969e-06
8268,1.5841232e-06
8269,1.5840607e-06
8270,1.5840026e-06
8271,1.5839557e-06
8272,1.5839133e-06
8273,1.5838755e-06
8274,1.5838441e-06
8275,1.5838151e-06
8276,1.5837884e-06
8277,1.5837661e-06
8278,1.5837459e-06
8279,1.5837304e-06
8280,1.583717e-06
8281,1.5837036e-06
8282,1.5836923e-06
8283,1.5836835e-06
8284,1.5836746e-06
8285,1.5836679e-06
8286,1.5836612e-06
8287,1.5836545e-06
8288,1.58365e-06
8289,1.5836456e-06
8290,1.5836412e-06
8291,1.5836367e-06
8292,1.5836367e-06
8293,1.5836343e-06
8294,1.5836323e-06
8295,1.5836323e-06
8296,1.5836299e-06
8297,1.5836255e-06
8298,1.5836255e-06
8299,1.5836232e-06
8300,1.5836209e-06
8301,1.5836209e-06
8302,1.5836209e-06
8303,1.5836188e-06
8304,1.5836188e-06
8305,1.5836188e-06
8306,1.5836188e-06
8307,1.5836209e-06
8308,1.5836188e-06
8309,1.5836165e-06
8310,1.5836165e-06
8311,1.5836188e-06
8312,1.5836188e-06
8313,1.5836165e-06
8314,1.5836165e-06
8315,1.5836143e-06
8316,1.5836143e-06
8317,1.5836143e-06
8318,1.5836143e-06
8319,1.5836143e-06
8320,1.5836165e-06
8321,1.5836143e-06
8322,1.5836165e-06
8323,1.5836165e-06
8324,1.5836165e-06
8325,1.5836143e-06
8326,1.5836143e-06
8327,1.5836165e-06
8328,1.5836165e-06
8329,1.5836165e-06
8330,1.5836165e-06
8331,1.5836143e-06
8332,1.5836121e-06
8333,1.5836121e-06
8334,1.5836143e-06
8335,1.5836143e-06
8336,1.5836143e-06
8337,1.5836121e-06
8338,1.5836143e-06
8339,1.5836165e-06
8340,1.5836165e-06
8341,1.5836165e-06
8342,1.5836165e-06
8343,1.5836165e-06
8344,1.5836143e-06
8345,1.5836165e-06
8346,1.5836165e-06
8347,1.5836165e-06
8348,1.5836143e-06
8349,1.5836143e-06
8350,1.5836143e-06
8351,1.5836121e-06
8352,1.5836143e-06
8353,1.5836143e-06
8354,1.5836143e-06
8355,1.5836143e-06
8356,1.5836143e-06
8357,1.5836143e-06
8358,1.5836143e-06
8359,1.5836143e-06
8360,1.5836143e-06
8361,1.5836143e-06
8362,1.5836143e-06
8363,1.5836143e-06
8364,1.5836143e-06
8365,1.5836143e-06
8366,1.5836143e-06
8367,1.5836143e-06
8368,1.5836143e-06
8369,1.5836143e-06
8370,1.5836143e-06
8371,1.5836143e-06
8372,1.5836143e-06
8373,1.5836143e-06
8374,1.5836143e-06
8375,1.5836143e-06
8376,1.5836143e-06
8377,1.5836143e-06
8378,1.5836143e-06
8379,1.5836143e-06
8380,1.5836143e-06
8381,1.5836143e-06
8382,1.5836143e-06
8383,1.5836143e-06
8384,1.5836143e-06
8385,1.5836143e-06
8386,1.5836143e-06
8387,1.5836143e-06
8388,1.5836143e-06
8389,1.5836143e-06
8390,1.5836143e-06
8391,1.5836143e-06
8392,1.5836143e-06
8393,1.5836143e-06
8394,1.5836143e-06
8395,1.5836143e-06
8396,1.5836143e-06
8397,1.5836143e-06
8398,1.5836143e-06
8399,1.5836143e-06
8400,1.5836143e-06
8401,1.5836143e-06
8402,1.5836143e-06
8403,1.5836143e-06
8404,1.5836143e-06
8405,1.5836143e-06
8406,1.5836143e-06
8407,1.5836143e-06
8408,1.5836143e-06
8409,1.5836143e-06
8410,1.5836143e-06
8411,1.5836143e-06
8412,1.5836143e-06
8413,1.5836143e-06
8414,1.5836143e-06
8415,1.5836143e-06
8416,1.5836143e-06
8417,1.5836143e-06
8418,1.5836143e-06
8419,1.5836143e-06
8420,1.5836143e-06
8421,1.5836143e-06
8422,1.5836143e-06
8423,1.5836143e-06
8424,1.5836143e-06
8425,1.5836143e-06
8426,0.013354988
8427,0.0018313329
8428,0.000670861
8429,4.9256494e-05
8430,5.3736453e-06
8431,2.3474999e-05
8432,1.7274439e-05
8433,6.1327555e-06
8434,7.7007246e-07
8435,7.283345e-08
8436,9.013226e-07
8437,1.6365185e-06
8438,1.947619e-06
8439,0.00077291246
8440,8.87189e-05
8441,4.078757e-05
8442,7.3469246e-06
8443,4.477981e-07
8444,2.5021052e-10
8445,9.864232e-09
8446,1.9225348e-07
8447,6.0920473e-07
8448,1.0649646e-06
8449,1.4007733e-06
8450,1.5846432e-06
8451,1.6557137e-06
8452,0.0007792616
8453,0.00039502615
8454,0.00020765442
8455,0.0004680956
8456,9.854417e-05
8457,1.8270906e-05
8458,5.0661143e-08
8459,1.6062407e-06
8460,1.455395e-06
8461,2.9557728e-07
8462,2.994193e-08
8463,5.1959967e-07
8464,1.1280886e-06
8465,1.5332761e-06
8466,1.7116223e-06
8467,1.7469337e-06
8468,1.7194774e-06
8469,1.6770435e-06
8470,1.6404932e-06
8471,1.6153972e-06
8472,1.6006283e-06
8473,1.5930812e-06
8474,1.5898016e-06
8475,1.5886527e-06
8476,1.5883531e-06
8477,1.5882503e-06
8478,1.588085e-06
8479,1.5878079e-06
8480,1.5874415e-06
8481,1.5870348e-06
8482,1.5866306e-06
8483,1.5862508e-06
8484,1.5859137e-06
8485,1.5856144e-06
8486,1.5853554e-06
8487,1.5851299e-06
8488,1.5849356e-06
8489,0.0007810164
8490,8.657705e-05
8491,0.0027141203
8492,0.00040912005
8493,0.00012738108
8494,7.717301e-06
8495,1.6507172e-06
8496,4.812637e-06
8497,2.6485309e-06
8498,4.34894e-07
8499,3.9954973e-08
8500,6.2698643e-07
8501,1.2765804e-06
8502,1.6556842e-06
8503,1.787607e-06
8504,1.7844148e-06
8505,1.7331702e-06
8506,1.6788765e-06
8507,1.6377915e-06
8508,1.6118765e-06
8509,1.5977713e-06
8510,1.5912218e-06
8511,1.5887867e-06
8512,1.5882056e-06
8513,1.5882235e-06
8514,1.588266e-06
8515,1.5881475e-06
8516,0.0007809477
8517,8.659821e-05
8518,3.9877457e-05
8519,7.1335403e-06
8520,4.2130225e-07
8521,3.630232e-11
8522,8.877536e-09
8523,1.8932026e-07
8524,6.0463077e-07
8525,1.0588941e-06
8526,1.3937137e-06
8527,1.577292e-06
8528,1.6486457e-06
8529,1.6583847e-06
8530,1.6432653e-06
8531,1.6233382e-06
8532,1.6069317e-06
8533,1.5960011e-06
8534,1.5897702e-06
8535,1.5867355e-06
8536,1.5855318e-06
8537,1.5852013e-06
8538,1.5851947e-06
8539,1.5852394e-06
8540,1.5852258e-06
8541,1.5851522e-06
8542,1.5850317e-06
8543,1.5848843e-06
8544,1.5847326e-06
8545,1.5845918e-06
8546,1.584469e-06
8547,1.5843552e-06
8548,1.5842616e-06
8549,1.5841767e-06
8550,1.5841052e-06
8551,1.5840407e-06
8552,1.583987e-06
8553,1.5839402e-06
8554,1.5838999e-06
8555,1.5838642e-06
8556,1.5838331e-06
8557,1.5838041e-06
8558,1.5837817e-06
8559,1.5837594e-06
8560,1.5837438e-06
8561,1.583726e-06
8562,0.003266424
8563,0.00035437816
8564,0.00014602352
8565,1.700789e-05
8566,2.0195925e-08
8567,2.0615757e-06
8568,1.459184e-06
8569,2.230132e-07
8570,6.437361e-08
8571,6.1285726e-07
8572,1.2101546e-06
8573,1.5794375e-06
8574,1.7274693e-06
8575,1.7456401e-06
8576,1.7113671e-06
8577,1.6678338e-06
8578,1.6325603e-06
8579,1.6093132e-06
8580,1.5961848e-06
8581,1.5898487e-06
8582,1.5873744e-06
8583,1.5867333e-06
8584,1.5867556e-06
8585,1.5868718e-06
8586,1.5868718e-06
8587,1.5867265e-06
8588,1.5864808e-06
8589,1.586186e-06
8590,1.5858824e-06
8591,1.5855966e-06
8592,1.5853398e-06
8593,1.5851166e-06
8594,1.5849178e-06
8595,1.5847482e-06
8596,1.5846009e-06
8597,1.5844757e-06
8598,1.5843664e-06
8599,1.5842727e-06
8600,1.584188e-06
8601,1.5841142e-06
8602,1.5840517e-06
8603,1.583996e-06
8604,1.5839513e-06
8605,1.5839088e-06
8606,0.007457726
8607,0.0008972899
8608,0.0003461057
8609,3.1190168e-05
8610,1.2764623e-06
8611,9.358978e-06
8612,6.9300777e-06
8613,2.0993207e-06
8614,9.1226774e-08
8615,2.7821477e-07
8616,1.0441236e-06
8617,1.597796e-06
8618,1.8262241e-06
8619,1.8497695e-06
8620,1.7909397e-06
8621,1.7192842e-06
8622,1.6622371e-06
8623,1.6250353e-06
8624,1.6041502e-06
8625,0.12194343
8626,0.039169133
8627,0.01258343
8628,0.00029898892
8629,0.00018142608
8630,0.00033953498
8631,0.00021721314
8632,8.298748e-05
8633,1.78178e-05
8634,7.805313e-07
8635,9.686063e-07
8636,3.23097e-06
8637,3.98191e-06
8638,3.639748e-06
8639,3.004529e-06
8640,2.46064e-06
8641,2.0933464e-06
8642,1.8749126e-06
8643,1.7565939e-06
8644,1.6977032e-06
8645,1.6704225e-06
8646,1.6578731e-06
8647,1.6509506e-06
8648,0.14317851
8649,0.048415378
8650,0.01571065
8651,0.0003508454
8652,0.00020043092
8653,0.00037088338
8654,0.00023524727
8655,8.9010246e-05
8656,1.8731467e-05
8657,7.310422e-07
8658,1.1554528e-06
8659,3.6144768e-06
8660,4.3537143e-06
8661,3.9115e-06
8662,3.17892e-06
8663,2.5675681e-06
8664,2.159735e-06
8665,1.9184138e-06
8666,1.7873982e-06
8667,1.7213473e-06
8668,1.689769e-06
8669,1.6743462e-06
8670,1.6652356e-06
8671,1.6579095e-06
8672,1.6507479e-06
8673,0.0007797249
8674,0.00039523264
8675,0.00020765647
8676,5.737347e-05
8677,3.7137634e-06
8678,4.128143e-07
8679,1.2892974e-06
8680,4.7220092e-07
8681,5.3149516e-11
8682,3.320647e-07
8683,9.395584e-07
8684,1.4135647e-06
8685,1.6584279e-06
8686,1.7347743e-06
8687,1.7258451e-06
8688,1.6885543e-06
8689,1.6510623e-06
8690,1.623162e-06
8691,1.6056553e-06
8692,0.0007807656
8693,8.662778e-05
8694,3.988925e-05
8695,7.138211e-06
8696,4.2257852e-07
8697,5.0242838e-11
8698,9.080515e-09
8699,1.9020551e-07
8700,6.060725e-07
8701,1.0605827e-06
8702,1.3954099e-06
8703,1.578858e-06
8704,1.6500326e-06
8705,1.659595e-06
8706,1.6443133e-06
8707,1.6242444e-06
8708,1.6077187e-06
8709,1.5966866e-06
8710,1.5903718e-06
8711,1.5872582e-06
8712,1.5859873e-06
8713,1.585601e-06
8714,1.585543e-06
8715,1.5855406e-06
8716,1.5854915e-06
8717,1.5853822e-06
8718,1.5852303e-06
8719,1.5850608e-06
8720,1.5848889e-06
8721,1.5847281e-06
8722,1.5845852e-06
8723,1.5844602e-06
8724,1.5843508e-06
8725,1.5842526e-06
8726,0.0032664032
8727,0.0003543841
8728,0.0001460267
8729,1.7008788e-05
8730,2.0167962e-08
8731,2.0613197e-06
8732,1.4589923e-06
8733,0.013757969
8734,0.0017411502
8735,0.000648895
8736,4.818336e-05
8737,5.1370766e-06
8738,2.2720516e-05
8739,1.6716445e-05
8740,5.90111e-06
8741,7.208092e-07
8742,8.126397e-08
8743,9.149818e-07
8744,1.6444179e-06
8745,1.9515833e-06
8746,1.9746772e-06
8747,1.8849637e-06
8748,1.7806007e-06
8749,1.6989787e-06
8750,1.6461945e-06
8751,1.6165717e-06
8752,1.602134e-06
8753,1.5962116e-06
8754,0.0007808047
8755,0.01155923
8756,0.002308726
8757,0.00070992886
8758,3.446915e-05
8759,1.3538309e-05
8760,3.460546e-05
8761,2.3048902e-05
8762,7.894697e-06
8763,1.018468e-06
8764,6.1263165e-08
8765,9.4823434e-07
8766,1.7295979e-06
8767,2.0362754e-06
8768,2.0349396e-06
8769,1.9200768e-06
8770,1.7978972e-06
8771,1.7058899e-06
8772,1.6479628e-06
8773,1.6162899e-06
8774,1.6013798e-06
8775,1.5956315e-06
8776,1.5940885e-06
8777,1.5939586e-06
8778,1.593961e-06
8779,1.5936563e-06
8780,1.593023e-06
8781,1.5921703e-06
8782,1.5912352e-06
8783,1.5903115e-06
8784,1.5894574e-06
8785,1.5886973e-06
8786,1.5880336e-06
8787,1.5874593e-06
8788,1.586961e-06
8789,1.58653e-06
8790,1.5861615e-06
8791,1.5858353e-06
8792,1.5855563e-06
8793,1.5853085e-06
8794,0.003266361
8795,0.00035439618
8796,0.00014603294
8797,1.7010623e-05
8798,2.0111843e-08
8799,2.0608068e-06
8800,1.4586068e-06
8801,2.2281394e-07
8802,6.446768e-08
8803,6.1310857e-07
8804,1.2104628e-06
8805,1.5797427e-06
8806,1.7277513e-06
8807,1.745886e-06
8808,1.7115827e-06
8809,1.668017e-06
8810,1.6327189e-06
8811,1.6094505e-06
8812,1.5963035e-06
8813,1.5899516e-06
8814,1.5874638e-06
8815,1.586816e-06
8816,1.5868249e-06
8817,1.5869321e-06
8818,1.5869232e-06
8819,1.5867757e-06
8820,1.5865234e-06
8821,1.5862263e-06
8822,1.5859137e-06
8823,1.5856233e-06
8824,1.5853622e-06
8825,1.5851343e-06
8826,1.5849356e-06
8827,1.5847661e-06
8828,1.5846165e-06
8829,1.5844892e-06
8830,1.5843776e-06
8831,1.5842816e-06
8832,1.5841989e-06
8833,1.5841232e-06
8834,1.5840584e-06
8835,1.5840026e-06
8836,1.5839513e-06
8837,1.5839088e-06
8838,1.5838732e-06
8839,1.5838419e-06
8840,1.5838151e-06
8841,1.5837884e-06
8842,1.5837661e-06
8843,1.5837483e-06
8844,1.5837304e-06
8845,1.5837192e-06
8846,1.583708e-06
8847,1.5836947e-06
8848,1.5836858e-06
8849,1.583679e-06
8850,1.5836679e-06
8851,1.5836589e-06
8852,1.5836545e-06
8853,1.58365e-06
8854,1.5836478e-06
8855,1.5836412e-06
8856,1.5836367e-06
8857,1.5836343e-06
8858,1.5836343e-06
8859,1.5836323e-06
8860,1.5836323e-06
8861,1.5836277e-06
8862,1.5836255e-06
8863,1.5836255e-06
8864,1.5836232e-06
8865,1.5836232e-06
8866,1.5836209e-06
8867,1.5836209e-06
8868,1.5836188e-06
8869,1.5836188e-06
8870,1.5836209e-06
8871,1.5836188e-06
8872,1.5836188e-06
8873,1.5836188e-06
8874,1.5836165e-06
8875,1.5836165e-06
8876,1.5836165e-06
8877,1.5836165e-06
8878,0.0007810421
8879,0.09731703
8880,0.032780126
8881,0.009819853
8882,0.00021358636
8883,3.6688733e-05
8884,0.00017780397
8885,0.0001591847
8886,7.8406214e-05
8887,2.3163866e-05
8888,2.8089844e-06
8889,9.317431e-08
8890,1.7628417e-06
8891,2.952308e-06
8892,3.1248408e-06
8893,2.8064007e-06
8894,2.4083756e-06
8895,2.0931025e-06
8896,1.8856723e-06
8897,1.7639649e-06
8898,1.698752e-06
8899,1.6663913e-06
8900,1.650953e-06
8901,1.6430062e-06
8902,1.6376849e-06
8903,1.6329137e-06
8904,1.628075e-06
8905,1.6231845e-06
8906,1.6184435e-06
8907,0.00078036985
8908,8.676465e-05
8909,3.9971266e-05
8910,7.1675113e-06
8911,4.2856965e-07
8912,1.1987261e-10
8913,9.713875e-09
8914,1.926393e-07
8915,6.097904e-07
8916,1.0648199e-06
8917,1.3996172e-06
8918,1.5827464e-06
8919,1.6534945e-06
8920,1.6626233e-06
8921,1.646943e-06
8922,1.6265276e-06
8923,1.6097024e-06
8924,1.5984102e-06
8925,1.5918705e-06
8926,1.5885678e-06
8927,1.5871286e-06
8928,1.5866016e-06
8929,1.586416e-06
8930,1.5863066e-06
8931,1.5861615e-06
8932,1.5859672e-06
8933,1.5857416e-06
8934,1.5855028e-06
8935,1.585275e-06
8936,1.5850675e-06
8937,1.584882e-06
8938,1.584719e-06
8939,1.5845764e-06
8940,1.5844535e-06
8941,1.5843464e-06
8942,1.584257e-06
8943,1.5841722e-06
8944,1.5841008e-06
8945,1.5840384e-06
8946,1.5839848e-06
8947,1.5839402e-06
8948,0.00078103575
8949,8.657144e-05
8950,0.0027141466
8951,0.024027107
8952,0.007106714
8953,0.0017794464
8954,3.465811e-05
8955,7.123789e-05
8956,0.00011715767
8957,7.20308e-05
8958,2.5752603e-05
8959,4.630143e-06
8960,2.954833e-08
8961,8.8231775e-07
8962,2.0672967e-06
8963,2.4978926e-06
8964,2.420364e-06
8965,2.1796698e-06
8966,1.9527079e-06
8967,1.79154e-06
8968,1.6937521e-06
8969,1.6415701e-06
8970,1.6173112e-06
8971,1.6078965e-06
8972,1.6051026e-06
8973,1.6044625e-06
8974,1.6039684e-06
8975,1.602987e-06
8976,1.60151e-06
8977,1.5997377e-06
8978,1.5978947e-06
8979,1.5961264e-06
8980,0.0007808004
8981,8.663963e-05
8982,3.9900544e-05
8983,7.141865e-06
8984,4.2308474e-07
8985,5.242802e-11
8986,9.081698e-09
8987,1.901452e-07
8988,6.059221e-07
8989,1.0603818e-06
8990,1.3952025e-06
8991,1.5786687e-06
8992,0.0007795864
8993,8.713266e-05
8994,4.015855e-05
8995,7.209016e-06
8996,4.3151283e-07
8997,9.7724245e-11
8998,9.202417e-09
8999,1.8993957e-07
9000,6.0517823e-07
9001,1.059489e-06
9002,1.3944862e-06
9003,1.5782321e-06
9004,1.6496658e-06
9005,1.6593963e-06
9006,1.6442065e-06
9007,1.6241854e-06
9008,1.6076805e-06
9009,1.5966508e-06
9010,1.5903338e-06
9011,1.5872248e-06
9012,1.5859538e-06
9013,1.5855697e-06
9014,1.5855161e-06
9015,1.5855139e-06
9016,1.5854714e-06
9017,1.5853622e-06
9018,1.5852124e-06
9019,1.585045e-06
9020,1.5848731e-06
9021,1.5847146e-06
9022,1.5845718e-06
9023,1.584449e-06
9024,1.5843397e-06
9025,1.584246e-06
9026,1.5841678e-06
9027,1.5840964e-06
9028,1.584034e-06
9029,1.5839804e-06
9030,1.5839357e-06
9031,1.5838955e-06
9032,1.5838621e-06
9033,1.5838285e-06
9034,1.5838017e-06
9035,1.5837772e-06
9036,1.583755e-06
9037,1.5837394e-06
9038,1.583726e-06
9039,1.5837103e-06
9040,1.5836991e-06
9041,1.5836923e-06
9042,1.5836813e-06
9043,1.5836746e-06
9044,1.5836679e-06
9045,1.5836589e-06
9046,1.5836545e-06
9047,1.5836478e-06
9048,1.5836432e-06
9049,1.5836412e-06
9050,1.5836367e-06
9051,1.5836367e-06
9052,1.5836323e-06
9053,1.5836323e-06
9054,1.5836299e-06
9055,1.5836255e-06
9056,1.5836232e-06
9057,1.5836209e-06
9058,1.5836232e-06
9059,1.5836255e-06
9060,1.5836232e-06
9061,1.5836209e-06
9062,1.5836188e-06
9063,1.5836188e-06
9064,1.5836188e-06
9065,1.5836209e-06
9066,1.5836165e-06
9067,1.5836165e-06
9068,1.5836165e-06
9069,1.5836143e-06
9070,1.5836143e-06
9071,1.5836165e-06
9072,1.5836143e-06
9073,1.5836143e-06
9074,1.5836143e-06
9075,1.5836165e-06
9076,1.5836143e-06
9077,1.5836165e-06
9078,1.5836143e-06
9079,1.5836165e-06
9080,1.5836165e-06
9081,1.5836165e-06
9082,1.5836143e-06
9083,1.5836143e-06
9084,1.5836143e-06
9085,1.5836143e-06
9086,1.5836143e-06
9087,1.5836143e-06
9088,1.5836143e-06
9089,1.5836143e-06
9090,1.5836143e-06
9091,1.5836143e-06
9092,1.5836143e-06
9093,1.5836143e-06
9094,1.5836143e-06
9095,1.5836143e-06
9096,1.5836165e-06
9097,0.0007810421
9098,8.6569555e-05
9099,3.986082e-05
9100,7.127413e-06
9101,4.1998882e-07
9102,2.6304084e-11
9103,8.72979e-09
9104,1.8872201e-07
9105,6.037018e-07
9106,1.0578233e-06
9107,1.3926483e-06
9108,1.5763034e-06
9109,1.6477646e-06
9110,1.6576129e-06
9111,1.6425948e-06
9112,1.6227574e-06
9113,1.6064262e-06
9114,1.5955598e-06
9115,1.589388e-06
9116,1.5864005e-06
9117,1.5852394e-06
9118,1.5849469e-06
9119,1.5849714e-06
9120,1.5850429e-06
9121,1.585054e-06
9122,1.5850003e-06
9123,1.5848955e-06
9124,1.5847681e-06
9125,1.5846321e-06
9126,1.5845071e-06
9127,1.5843909e-06
9128,1.5842883e-06
9129,1.5841989e-06
9130,1.5841232e-06
9131,1.5840584e-06
9132,1.5840026e-06
9133,1.5839535e-06
9134,1.5839112e-06
9135,1.5838755e-06
9136,1.5838397e-06
9137,1.5838107e-06
9138,1.5837861e-06
9139,1.5837638e-06
9140,1.5837459e-06
9141,1.5837304e-06
9142,1.5837147e-06
9143,1.5837036e-06
9144,1.5836947e-06
9145,1.5836835e-06
9146,1.5836746e-06
9147,1.58367e-06
9148,0.0007810411
9149,8.65699e-05
9150,3.9860963e-05
9151,7.1274703e-06
9152,4.200015e-07
9153,2.6395108e-11
9154,8.7312815e-09
9155,0.00082777743
9156,7.773271e-05
9157,0.0027376157
9158,0.00040626054
9159,0.00012753232
9160,7.886137e-06
9161,1.5749735e-06
9162,4.7158856e-06
9163,2.602757e-06
9164,4.2443182e-07
9165,4.158727e-08
9166,6.2994985e-07
9167,1.2785266e-06
9168,1.6569758e-06
9169,1.7887878e-06
9170,1.7856919e-06
9171,1.7345313e-06
9172,1.6802462e-06
9173,1.639099e-06
9174,1.6130745e-06
9175,1.5988385e-06
9176,1.592159e-06
9177,1.5896028e-06
9178,1.5889096e-06
9179,1.5888337e-06
9180,1.5887956e-06
9181,0.00078093127
9182,8.660401e-05
9183,3.9881153e-05
9184,7.134999e-06
9185,4.2162807e-07
9186,3.9044667e-11
9187,8.914834e-09
9188,1.8947075e-07
9189,6.0486656e-07
9190,1.0591606e-06
9191,1.3939816e-06
9192,1.577537e-06
9193,1.6488619e-06
9194,1.6585741e-06
9195,1.643429e-06
9196,1.6234783e-06
9197,1.60706e-06
9198,1.5961109e-06
9199,1.5898664e-06
9200,1.5868181e-06
9201,1.585601e-06
9202,1.5852661e-06
9203,1.5852504e-06
9204,1.5852861e-06
9205,1.5852684e-06
9206,1.585188e-06
9207,1.5850608e-06
9208,1.584911e-06
9209,1.5847593e-06
9210,0.0007810198
9211,0.0024114456
9212,0.00057403644
9213,0.0002573911
9214,0.00012583216
9215,1.1183439e-05
9216,1.5369419e-06
9217,6.335649e-06
9218,4.1807084e-06
9219,1.0241613e-06
9220,1.4265944e-09
9221,4.3452923e-07
9222,1.1472292e-06
9223,1.6149735e-06
9224,1.7989839e-06
9225,1.8134739e-06
9226,1.7615964e-06
9227,1.7003774e-06
9228,1.6520218e-06
9229,1.6205672e-06
9230,1.6028995e-06
9231,1.5943325e-06
9232,1.5908773e-06
9233,1.589833e-06
9234,1.5896474e-06
9235,1.589587e-06
9236,1.5893836e-06
9237,1.589008e-06
9238,1.5885207e-06
9239,1.5879843e-06
9240,1.5874572e-06
9241,1.5869723e-06
9242,1.5865345e-06
9243,1.5861548e-06
9244,1.5858244e-06
9245,1.5855385e-06
9246,1.5852905e-06
9247,1.5850785e-06
9248,1.5848933e-06
9249,1.5847303e-06
9250,1.5845898e-06
9251,1.5844669e-06
9252,1.5843598e-06
9253,1.584266e-06
9254,1.5841833e-06
9255,1.5841098e-06
9256,1.5840495e-06
9257,1.583996e-06
9258,1.5839469e-06
9259,1.5839067e-06
9260,1.5838687e-06
9261,1.5838375e-06
9262,1.5838107e-06
9263,1.5837861e-06
9264,1.5837638e-06
9265,1.5837459e-06
9266,1.5837281e-06
9267,1.5837147e-06
9268,1.5837014e-06
9269,1.5836923e-06
9270,1.5836835e-06
9271,1.5836769e-06
9272,1.5836656e-06
9273,1.5836612e-06
9274,1.5836545e-06
9275,1.58365e-06
9276,1.5836456e-06
9277,1.5836412e-06
9278,1.5836343e-06
9279,1.5836343e-06
9280,1.5836343e-06
9281,1.5836343e-06
9282,1.5836323e-06
9283,1.5836299e-06
9284,1.5836255e-06
9285,1.5836255e-06
9286,1.5836277e-06
9287,1.5836255e-06
9288,1.5836255e-06
9289,1.5836209e-06
9290,1.5836188e-06
9291,1.5836165e-06
9292,1.5836188e-06
9293,1.5836209e-06
9294,1.5836209e-06
9295,1.5836188e-06
9296,1.5836165e-06
9297,1.5836188e-06
9298,1.5836165e-06
9299,1.5836165e-06
9300,1.5836165e-06
9301,1.5836165e-06
9302,1.5836165e-06
9303,1.5836121e-06
9304,1.5836143e-06
9305,1.5836143e-06
9306,1.5836165e-06
9307,1.5836143e-06
9308,1.5836143e-06
9309,1.5836143e-06
9310,1.5836143e-06
9311,1.5836143e-06
9312,1.5836121e-06
9313,1.5836143e-06
9314,1.5836143e-06
9315,1.5836143e-06
9316,1.5836143e-06
9317,1.5836143e-06
9318,1.5836143e-06
9319,1.5836143e-06
9320,1.5836143e-06
9321,1.5836143e-06
9322,1.5836143e-06
9323,1.5836143e-06
9324,1.5836143e-06
9325,1.5836143e-06
9326,1.5836143e-06
9327,1.5836143e-06
9328,1.5836143e-06
9329,1.5836143e-06
9330,1.5836143e-06
9331,1.5836143e-06
9332,1.5836143e-06
9333,1.5836143e-06
9334,1.5836143e-06
9335,1.5836143e-06
9336,1.5836143e-06
9337,1.5836143e-06
9338,1.5836143e-06
9339,1.5836143e-06
9340,1.5836143e-06
9341,1.5836143e-06
9342,1.5836143e-06
9343,1.5836143e-06
9344,1.5836143e-06
9345,1.5836143e-06
9346,1.5836143e-06
9347,1.5836143e-06
9348,1.5836143e-06
9349,1.5836143e-06
9350,1.5836143e-06
9351,1.5836143e-06
9352,1.5836143e-06
9353,1.5836143e-06
9354,1.5836143e-06
9355,1.5836143e-06
9356,1.5836143e-06
9357,1.5836143e-06
9358,1.5836143e-06
9359,1.5836143e-06
9360,1.5836143e-06
9361,1.5836143e-06
9362,1.5836143e-06
9363,1.5836143e-06
9364,1.5836143e-06
9365,1.5836143e-06
9366,1.5836143e-06
9367,1.5836143e-06
9368,1.5836143e-06
9369,1.5836143e-06
9370,1.5836143e-06
9371,1.5836143e-06
9372,1.5836143e-06
9373,1.5836143e-06
9374,1.5836143e-06
9375,1.5836143e-06
9376,1.5836143e-06
9377,1.5836143e-06
9378,1.5836143e-06
9379,1.5836143e-06
9380,1.5836143e-06
9381,1.5836143e-06
9382,1.5836143e-06
9383,1.5836143e-06
9384,1.5836143e-06
9385,1.5836143e-06
9386,1.5836143e-06
9387,1.5836143e-06
9388,1.5836143e-06
9389,1.5836143e-06
9390,1.5836143e-06
9391,1.5836143e-06
9392,1.5836143e-06
9393,1.5836143e-06
9394,1.5836143e-06
9395,1.5836143e-06
9396,1.5836143e-06
9397,1.5836143e-06
9398,1.5836143e-06
9399,1.5836143e-06
9400,1.5836143e-06
9401,1.5836143e-06
9402,1.5836143e-06
9403,1.5836143e-06
9404,1.5836143e-06
9405,1.5836143e-06
9406,1.5836143e-06
9407,1.5836143e-06
9408,1.5836143e-06
9409,1.5836143e-06
9410,1.5836143e-06
9411,1.5836143e-06
9412,1.5836143e-06
9413,1.5836143e-06
9414,1.5836143e-06
9415,1.5836143e-06
9416,1.5836143e-06
9417,1.5836143e-06
9418,1.5836143e-06
9419,1.5836143e-06
9420,1.5836143e-06
9421,1.5836143e-06
9422,1.5836143e-06
9423,1.5836143e-06
9424,1.5836143e-06
9425,1.5836143e-06
9426,1.5836143e-06
9427,1.5836143e-06
9428,1.5836143e-06
9429,1.5836143e-06
9430,1.5836143e-06
9431,1.5836143e-06
9432,1.5836143e-06
9433,1.5836143e-06
9434,1.5836143e-06
9435,1.5836143e-06
9436,1.5836143e-06
9437,1.5836143e-06
9438,1.5836143e-06
9439,1.5836143e-06
9440,1.5836143e-06
9441,1.5836143e-06
9442,1.5836143e-06
9443,1.5836143e-06
9444,1.5836143e-06
9445,1.5836143e-06
9446,1.5836143e-06
9447,1.5836143e-06
9448,1.5836143e-06
9449,1.5836143e-06
9450,1.5836143e-06
9451,1.5836143e-06
9452,1.5836143e-06
9453,1.5836143e-06
9454,1.5836143e-06
9455,1.5836143e-06
9456,1.5836143e-06
9457,1.5836143e-06
9458,1.5836143e-06
9459,1.5836143e-06
9460,1.5836143e-06
9461,1.5836143e-06
9462,1.5836143e-06
9463,1.5836143e-06
9464,1.5836143e-06
9465,1.5836143e-06
9466,1.5836143e-06
9467,1.5836143e-06
9468,1.5836143e-06
9469,1.5836143e-06
9470,1.5836143e-06
9471,1.5836143e-06
9472,1.5836143e-06
9473,1.5836143e-06
9474,1.5836143e-06
9475,1.5836143e-06
9476,1.5836143e-06
9477,1.5836143e-06
9478,1.5836143e-06
9479,1.5836143e-06
9480,1.5836143e-06
9481,1.5836143e-06
9482,1.5836143e-06
9483,1.5836143e-06
9484,1.5836143e-06
9485,1.5836143e-06
9486,1.5836143e-06
9487,1.5836143e-06
9488,1.5836143e-06
9489,1.5836143e-06
9490,1.5836143e-06
9491,1.5836143e-06
9492,1.5836143e-06
9493,1.5836143e-06
9494,1.5836143e-06
9495,1.5836143e-06
9496,1.5836143e-06
9497,1.5836143e-06
9498,1.5836143e-06
9499,1.5836143e-06
9500,1.5836143e-06
9501,1.5836143e-06
9502,1.5836143e-06
9503,1.5836143e-06
9504,1.5836143e-06
9505,1.5836143e-06
9506,1.5836143e-06
9507,1.5836143e-06
9508,1.5836143e-06
9509,1.5836143e-06
9510,1.5836143e-06
9511,1.5836143e-06
9512,1.5836143e-06
9513,1.5836143e-06
9514,1.5836143e-06
9515,1.5836143e-06
9516,1.5836143e-06
9517,1.5836143e-06
9518,1.5836143e-06
9519,1.5836143e-06
9520,1.5836143e-06
9521,1.5836143e-06
9522,1.5836143e-06
9523,1.5836143e-06
9524,1.5836143e-06
9525,1.5836143e-06
9526,1.5836143e-06
9527,1.5836143e-06
9528,0.007457745
9529,5.612484e-07
9530,0.00071478344
9531,0.00010169241
9532,0.0008628907
9533,0.0006290356
9534,8.381481e-05
9535,1.5150962e-05
9536,0.0008612426
9537,4.0860625e-05
9538,1.2835233e-05
9539,5.934206e-07
9540,1.895132e-07
9541,0.013763548
9542,0.0017123297
9543,0.0006307712
9544,4.5088207e-05
9545,5.6589365e-06
9546,2.3126093e-05
9547,1.676531e-05
9548,5.8543783e-06
9549,6.974301e-07
9550,8.875853e-08
9551,9.343677e-07
9552,1.6631836e-06
9553,1.9659701e-06
9554,1.9850445e-06
9555,1.8925992e-06
9556,1.7865567e-06
9557,1.7039104e-06
9558,1.6504381e-06
9559,1.6203008e-06
9560,1.6054307e-06
9561,1.5991232e-06
9562,1.5968815e-06
9563,1.59614e-06
9564,1.595665e-06
9565,1.5950177e-06
9566,1.5941354e-06
9567,1.5931013e-06
9568,1.5920294e-06
9569,1.5910003e-06
9570,1.5900565e-06
9571,1.5892182e-06
9572,1.5884896e-06
9573,1.5878525e-06
9574,1.5873051e-06
9575,1.5868316e-06
9576,1.5864206e-06
9577,1.586061e-06
9578,1.5857507e-06
9579,1.5854805e-06
9580,1.5852438e-06
9581,0.003266364
9582,0.00035439545
9583,0.00014603253
9584,1.7010492e-05
9585,2.0115364e-08
9586,2.0608386e-06
9587,1.4586282e-06
9588,2.2282065e-07
9589,6.446453e-08
9590,6.1309885e-07
9591,1.2104491e-06
9592,1.5797272e-06
9593,1.7277351e-06
9594,1.7458766e-06
9595,1.7115735e-06
9596,1.6680101e-06
9597,1.6327142e-06
9598,1.609446e-06
9599,1.5962968e-06
9600,1.589947e-06
9601,1.5874593e-06
9602,1.5868115e-06
9603,1.5868227e-06
9604,1.5869299e-06
9605,0.00078096875
9606,0.0003960106
9607,0.010491543
9608,0.0045601353
9609,0.0045677093
9610,0.0006525117
9611,1.1242985e-06
9612,9.972836e-05
9613,0.00010372525
9614,5.2691346e-05
9615,1.5637394e-05
9616,1.8647212e-06
9617,7.9716486e-08
9618,1.321728e-06
9619,2.2554514e-06
9620,2.474632e-06
9621,2.3208297e-06
9622,2.0812106e-06
9623,1.8802606e-06
9624,1.7456097e-06
9625,1.667488e-06
9626,1.6277423e-06
9627,1.6104337e-06
9628,1.6044197e-06
9629,1.6030297e-06
9630,1.6028299e-06
9631,1.6024101e-06
9632,1.6014271e-06
9633,1.5999889e-06
9634,1.5983115e-06
9635,1.5965993e-06
9636,1.5949752e-06
9637,1.5935109e-06
9638,1.592224e-06
9639,1.5911032e-06
9640,1.590137e-06
9641,1.589301e-06
9642,1.5885743e-06
9643,1.5879442e-06
9644,1.5873945e-06
9645,1.5869188e-06
9646,1.5864965e-06
9647,1.5861347e-06
9648,1.5858153e-06
9649,0.0684297
9650,0.0019590314
9651,0.010608985
9652,0.0006014239
9653,7.877509e-05
9654,0.00027253185
9655,0.00020560232
9656,8.896015e-05
9657,2.2934346e-05
9658,2.0835607e-06
9659,2.902566e-07
9660,2.208998e-06
9661,3.2287649e-06
9662,3.199098e-06
9663,2.767629e-06
9664,2.3311254e-06
9665,2.0149141e-06
9666,1.8198673e-06
9667,1.7126247e-06
9668,1.659851e-06
9669,1.6369406e-06
9670,1.6282356e-06
9671,1.6249586e-06
9672,1.6228953e-06
9673,1.6204814e-06
9674,1.6174445e-06
9675,1.6140115e-06
9676,1.610499e-06
9677,1.6071499e-06
9678,1.6041075e-06
9679,1.601409e-06
9680,1.5990672e-06
9681,1.5970385e-06
9682,1.5952932e-06
9683,1.5937818e-06
9684,1.5924769e-06
9685,1.5913404e-06
9686,1.5903539e-06
9687,1.5894952e-06
9688,1.5887465e-06
9689,1.5880918e-06
9690,1.5875241e-06
9691,1.5870282e-06
9692,1.586597e-06
9693,1.5862173e-06
9694,1.585889e-06
9695,1.5856054e-06
9696,1.5853531e-06
9697,1.585132e-06
9698,1.5849423e-06
9699,1.584775e-06
9700,1.5846298e-06
9701,1.5845026e-06
9702,1.5843909e-06
9703,1.5842905e-06
9704,1.5842057e-06
9705,1.5841298e-06
9706,1.5840674e-06
9707,1.5840093e-06
9708,1.5839624e-06
9709,1.58392e-06
9710,1.5838822e-06
9711,1.5838488e-06
9712,1.5838218e-06
9713,1.583795e-06
9714,1.5837705e-06
9715,1.5837505e-06
9716,1.5837326e-06
9717,1.5837214e-06
9718,1.5837059e-06
9719,1.5836947e-06
9720,1.5836879e-06
9721,1.5836769e-06
9722,1.58367e-06
9723,1.5836612e-06
9724,1.5836545e-06
9725,1.58365e-06
9726,1.5836456e-06
9727,1.5836412e-06
9728,1.5836367e-06
9729,1.5836367e-06
9730,1.5836343e-06
9731,1.5836323e-06
9732,1.5836323e-06
9733,1.5836299e-06
9734,1.5836255e-06
9735,1.5836232e-06
9736,1.5836255e-06
9737,1.5836232e-06
9738,1.5836209e-06
9739,1.5836209e-06
9740,1.5836188e-06
9741,1.5836165e-06
9742,1.5836188e-06
9743,1.5836209e-06
9744,1.5836188e-06
9745,1.5836188e-06
9746,1.5836165e-06
9747,1.5836188e-06
9748,1.5836143e-06
9749,1.5836143e-06
9750,1.5836165e-06
9751,1.5836165e-06
9752,1.5836165e-06
9753,1.5836165e-06
9754,1.5836165e-06
9755,1.5836165e-06
9756,1.5836165e-06
9757,1.5836165e-06
9758,1.5836143e-06
9759,0.0007810421
9760,8.6569555e-05
9761,3.986081e-05
9762,7.1274176e-06
9763,4.1998882e-07
9764,2.629499e-11
9765,8.72979e-09
9766,1.8872201e-07
9767,6.037018e-07
9768,1.0578252e-06
9769,0.0007854253
9770,8.652076e-05
9771,4.0187526e-05
9772,7.2823623e-06
9773,4.4974868e-07
9774,3.9940973e-10
9775,1.0424635e-08
9776,1.927187e-07
9777,6.071995e-07
9778,1.060117e-06
9779,1.3942182e-06
9780,1.5776774e-06
9781,0.020950694
9782,0.1449012
9783,0.085857175
9784,0.021835836
9785,0.00022697849
9786,0.00031296612
9787,0.00045061266
9788,0.0002600709
9789,8.9767644e-05
9790,1.57924e-05
9791,0.013732993
9792,0.0018515787
9793,0.0007220707
9794,0.0063402564
9795,6.025868e-06
9796,0.0004180958
9797,2.5865531e-05
9798,9.70994e-06
9799,2.7137137e-05
9800,0.0878307
9801,0.022262124
9802,0.0071816267
9803,0.00020720379
9804,0.00012566202
9805,0.00024979174
9806,0.00016344851
9807,6.322074e-05
9808,1.3704574e-05
9809,6.0188717e-07
9810,7.804397e-07
9811,2.6505932e-06
9812,3.361237e-06
9813,3.1781362e-06
9814,2.7181409e-06
9815,2.2997092e-06
9816,2.007498e-06
9817,1.8297869e-06
9818,0.03024721
9819,0.005442185
9820,0.0018427381
9821,9.47311e-05
9822,2.6917114e-05
9823,7.599927e-05
9824,5.3737574e-05
9825,2.0780182e-05
9826,4.023121e-06
9827,4.093531e-08
9828,7.2339657e-07
9829,1.8226218e-06
9830,2.2968488e-06
9831,2.297443e-06
9832,2.1186838e-06
9833,1.9287284e-06
9834,1.7859833e-06
9835,1.695712e-06
9836,1.6455255e-06
9837,0.0074552
9838,0.013470553
9839,0.00014739393
9840,0.00053498836
9841,0.0021026966
9842,6.580601e-05
9843,8.201813e-05
9844,0.00015750363
9845,0.000104879604
9846,4.1039686e-05
9847,8.884463e-06
9848,3.5008708e-07
9849,6.192596e-07
9850,2.040524e-06
9851,2.6552696e-06
9852,2.6118307e-06
9853,2.3334842e-06
9854,2.0566913e-06
9855,1.8559439e-06
9856,1.7321431e-06
9857,1.6646842e-06
9858,1.6322361e-06
9859,1.6187662e-06
9860,1.614052e-06
9861,1.6124304e-06
9862,0.00078043033
9863,0.00039564882
9864,0.0002074167
9865,5.7273737e-05
9866,3.6923607e-06
9867,4.1912855e-07
9868,1.2991856e-06
9869,0.0034930578
9870,0.0016722446
9871,0.00084788504
9872,0.00019641842
9873,4.5264323e-06
9874,8.615142e-06
9875,1.3973052e-05
9876,7.3909287e-06
9877,1.6803806e-06
9878,1.0416671e-08
9879,4.8007234e-07
9880,1.2817327e-06
9881,0.33963782
9882,0.6719982
9883,0.26002362
9884,0.06888517
9885,0.00093234703
9886,0.00020130853
9887,0.00036376945
9888,0.02556686
9889,0.0022378017
9890,0.0009376038
9891,0.00039211905
9892,4.5070832e-05
9893,4.952376e-07
9894,4.4255557e-06
9895,0.19393755
9896,0.040403068
9897,0.026457516
9898,0.0006176327
9899,0.00022281862
9900,0.0004405049
9901,0.0002804298
9902,0.00010501953
9903,2.123811e-05
9904,6.062299e-07
9905,1.7664363e-06
9906,4.850387e-06
9907,5.5787764e-06
9908,4.8373868e-06
9909,3.7997872e-06
9910,2.9697587e-06
9911,2.425683e-06
9912,2.1038477e-06
9913,1.9253707e-06
9914,1.830317e-06
9915,0.0032577855
9916,0.0015619716
9917,0.000891121
9918,0.00020396795
9919,4.7333574e-06
9920,0.001034642
9921,0.40749034
9922,0.14014448
9923,0.048926
9924,0.0010401043
9925,0.00018981055
9926,0.0004168113
9927,0.00025916312
9928,8.97588e-05
9929,1.4308219e-05
9930,2.5527755e-11
9931,4.0069663e-06
9932,0.0072048055
9933,0.12123326
9934,0.056966867
9935,0.015450024
9936,0.00021380879
9937,0.00026111284
9938,0.00040073434
9939,0.00023884975
9940,8.560963e-05
9941,1.6379656e-05
9942,3.3977898e-07
9943,1.6719448e-06
9944,4.2338997e-06
9945,0.003160632
9946,0.0003852399
9947,0.00015933182
9948,1.9830244e-05
9949,3.451862e-09
9950,1.707041e-06
9951,1.248771e-06
9952,1.6230463e-07
9953,9.6734134e-08
9954,0.0008050344
9955,8.4429885e-05
9956,4.0355357e-05
9957,7.6213723e-06
9958,5.480278e-07
9959,0.054552235
9960,0.00651998
9961,0.0016999453
9962,0.0012556273
9963,0.00015646835
9964,7.5200796e-06
9965,7.83317e-05
9966,7.705708e-05
9967,3.8552418e-05
9968,1.09772e-05
9969,1.0623759e-06
9970,1.839966e-07
9971,1.4376251e-06
9972,2.2827187e-06
9973,2.4699618e-06
9974,2.321732e-06
9975,2.0959924e-06
9976,1.9051466e-06
9977,1.7749854e-06
9978,0.00745009
9979,0.41183665
9980,0.0952599
9981,0.05648821
9982,0.0010458394
9983,0.00023283172
9984,0.00046596435
9985,0.017847376
9986,0.0074596494
9987,0.0010870552
9988,0.0005052555
9989,0.07196059
9990,0.024053497
9991,0.0055265324
9992,4.2184784e-05
9993,0.0002253696
9994,0.00029991983
9995,0.00017229104
9996,6.0115563e-05
9997,1.103434e-05
9998,1.5739441e-07
9999,1.409383e-06
10000,3.4004122e-06
10001,3.9074325e-06
10002,3.5178587e-06
10003,2.924989e-06
10004,2.4341693e-06
10005,2.1046812e-06
10006,1.9072572e-06
10007,1.797826e-06
10008,1.7403655e-06
10009,1.7105089e-06
10010,1.6936367e-06
10011,1.681998e-06
10012,1.6720754e-06
10013,1.6626599e-06
10014,1.6535834e-06
10015,1.6450228e-06
10016,1.6371812e-06
10017,0.00078001595
10018,8.6866996e-05
10019,0.0027127657
10020,0.0004095713
10021,0.005824942
10022,0.0009848296
10023,0.00023892359
10024,0.0031863644
10025,0.00018163116
10026,3.5109657e-05
10027,0.041969225
10028,0.021469671
10029,0.025290817
10030,0.0035361827
10031,7.663974e-07
10032,0.00030965518
10033,0.00031775553
10034,0.00016462433
10035,5.2777792e-05
10036,8.465951e-06
10037,0.00086137385
10038,0.00039464523
10039,0.00022480493
10040,0.0025199358
10041,0.024117319
10042,0.006908976
10043,0.0016946807
10044,2.9195433e-05
10045,7.400999e-05
10046,0.00011741183
10047,7.120814e-05
10048,2.511029e-05
10049,4.3822124e-06
10050,0.030750712
10051,0.00538797
10052,0.0018608135
10053,0.000100660975
10054,2.4542547e-05
10055,7.328704e-05
10056,5.233308e-05
10057,2.0284437e-05
10058,0.22021034
10059,0.13103412
10060,0.2018206
10061,0.03877558
10062,0.00020411907
10063,0.005932995
10064,2.5200341e-05
10065,2.3172828e-05
10066,1.8920042e-05
10067,0.0010159172
10068,0.081120335
10069,0.02489875
10070,0.0074190116
10071,0.3255607
10072,0.6897666
10073,0.25640893
10074,0.052315097
10075,0.0010781764
10076,0.00019735955
10077,0.0003868202
10078,0.00021463881
10079,5.9084425e-05
10080,3.790148e-06
10081,2.842392e-06
10082,1.1695161e-05
10083,1.49346015e-05
10084,1.3153909e-05
10085,9.85681e-06
10086,6.9936254e-06
10087,5.0296376e-06
10088,3.8160165e-06
10089,3.0972326e-06
10090,2.6734294e-06
10091,2.4167514e-06
10092,2.2520198e-06
10093,2.1373294e-06
10094,0.00077137264
10095,0.09722426
10096,0.032815088
10097,0.009824376
10098,0.112798214
10099,0.18764837
10100,0.17123245
10101,0.03581786
10102,0.048298888
10103,0.63603896
10104,0.2001827
10105,0.059612814
10106,0.0008141032
10107,0.00023823351
10108,0.00041229752
10109,0.00022825731
10110,6.633832e-05
10111,5.9292875e-06
10112,1.4320811e-06
10113,8.812936e-06
10114,1.2096621e-05
10115,1.0982025e-05
10116,8.385954e-06
10117,6.0463403e-06
10118,4.4201897e-06
10119,3.4117156e-06
10120,2.8165546e-06
10121,0.041155193
10122,0.008455542
10123,0.0027835483
10124,0.00012245998
10125,4.500472e-05
10126,0.034541573
10127,1.6507813e-05
10128,0.0029098701
10129,0.00024578694
10130,1.9136152e-05
10131,0.0015384419
10132,1.4318074e-06
10133,8.3743896e-07
10134,1.7844752e-06
10135,1.2120759e-06
10136,2.0426387e-07
10137,0.0076347664
10138,0.819264
10139,0.2041894
10140,0.071935564
10141,0.0017560202
10142,0.0001265683
10143,0.00036238617
10144,0.00022419167
10145,7.0947484e-05
10146,7.846317e-06
10147,7.721482e-07
10148,7.488338e-06
10149,1.1047338e-05
10150,1.0338298e-05
10151,8.018708e-06
10152,5.828494e-06
10153,4.277468e-06
10154,3.3079632e-06
10155,2.7352796e-06
10156,2.4030317e-06
10157,2.2074985e-06
10158,2.0863197e-06
10159,2.004296e-06
10160,1.942826e-06
10161,1.8927919e-06
10162,1.8501239e-06
10163,1.8130991e-06
10164,1.7809344e-06
10165,1.7531594e-06
10166,1.7293111e-06
10167,1.7089275e-06
10168,1.691542e-06
10169,1.6767174e-06
10170,1.6640504e-06
10171,1.6532072e-06
10172,1.6438995e-06
10173,1.6358927e-06
10174,1.628996e-06
10175,1.6230354e-06
10176,1.6178841e-06
10177,0.0007803834
10178,0.018690499
10179,0.0039335424
10180,0.0011960374
10181,5.118261e-05
10182,2.530218e-05
10183,5.9720984e-05
10184,4.0015533e-05
10185,0.014553919
10186,0.027108405
10187,0.013540342
10188,0.002823673
10189,2.188132e-05
10190,0.00014655209
10191,0.00019817187
10192,0.00011462237
10193,0.0012622937
10194,0.0124385
10195,0.0002961896
10196,0.0012015922
10197,0.049789023
10198,0.006043127
10199,0.0010680612
10200,0.0003015869
10201,0.0042443974
10202,0.0070776604
10203,0.00071165233
10204,0.00013681373
10205,3.088893e-07
10206,2.7197491e-05
10207,2.8157581e-05
10208,1.3052506e-05
10209,0.007976167
10210,0.00080844865
10211,0.00032927634
10212,3.1878848e-05
10213,8.1485217e-07
10214,0.031704664
10215,0.0016348579
10216,0.016062127
10217,0.007250556
10218,0.0010277445
10219,0.14561786
10220,0.0034599665
10221,0.00020855706
10222,0.00012009738
10223,0.00041057478
10224,0.00011712214
10225,0.28612876
10226,0.6512983
10227,0.25254956
10228,0.066019274
10229,0.0007799551
10230,0.0002348698
10231,0.0003869503
10232,0.00020254795
10233,5.2159754e-05
10234,2.531406e-06
10235,3.603326e-06
10236,1.2339725e-05
10237,0.012755777
10238,0.001802329
10239,0.0007496778
10240,0.0009500974
10241,2.4323586e-05
10242,3.8543003e-05
10243,0.0044423114
10244,0.11534292
10245,0.04150807
10246,0.03327163
10247,0.009354165
10248,0.03299318
10249,0.0021954614
10250,9.7350116e-05
10251,0.0004711406
10252,0.00036687072
10253,0.0001615096
10254,4.2271397e-05
10255,3.95184e-06
10256,4.6759766e-07
10257,3.7303216e-06
10258,5.271932e-06
10259,4.938356e-06
10260,0.21649785
10261,0.733589
10262,0.25427565
10263,0.06999839
10264,0.0010535424
10265,0.00018726748
10266,0.0003623962
10267,0.00019649432
10268,0.0013246695
10269,0.00052543316
10270,0.00020570282
10271,0.00031447093
10272,8.3458945e-05
10273,0.0031035522
10274,0.00029977076
10275,0.00036941076
10276,0.7491781
10277,0.19077356
10278,0.0033761142
10279,0.8146581
10280,0.21277729
10281,0.06372118
10282,0.00088952493
10283,0.00021939739
10284,0.0023902697
10285,0.14948288
10286,0.04508771
10287,0.014215464
10288,0.00029759016
10289,0.00019058138
10290,0.00033660058
10291,0.00020563325
10292,7.3111485e-05
10293,1.3145631e-05
10294,0.00087240245
10295,0.011518968
10296,0.0023959498
10297,0.0007591046
10298,0.051562086
10299,0.0059124273
10300,0.003983848
10301,0.00011822898
10302,0.07446176
10303,0.013024212
10304,0.007124506
10305,2.4140247e-05
10306,0.0010665434
10307,1.0955745e-08
10308,0.00014785842
10309,0.00017156017
10310,9.422337e-05
10311,0.0086842785
10312,0.08700025
10313,0.02499893
10314,0.08015992
10315,0.009180257
10316,2.1124551e-06
10317,0.0004728439
10318,0.0004475134
10319,0.036088023
10320,0.0011457764
10321,0.0022161822
10322,0.0001850851
10323,1.1495846e-05
10324,6.647283e-05
10325,5.3219333e-05
10326,0.0011477056
10327,3.4717923e-05
10328,2.349548e-05
10329,5.499955e-06
10330,7.1577307e-07
10331,1.3155937e-07
10332,1.913464e-07
10333,4.9541853e-07
10334,0.013422466
10335,0.002019331
10336,0.0030292715
10337,0.044775505
10338,0.012087179
10339,0.0026650769
10340,0.11997544
10341,0.023459876
10342,0.048165552
10343,0.0345588
10344,0.004558443
10345,4.3982213e-06
10346,0.00038390775
10347,0.00037208514
10348,0.00018556224
10349,0.0090478305
10350,0.00065780623
10351,0.00030977136
10352,3.7800943e-05
10353,1.6570134e-08
10354,0.031452965
10355,0.4355249
10356,0.18149334
10357,0.055409066
10358,0.00095027447
10359,0.00020520078
10360,0.0004080709
